	digest
	VARIABLES	AREAS	LINKS
	33	15	31

		CO2 EMIS.	GAS	LIGNITE	LIGNITE	NUCLEAR	lignite_old 2	gas_ccgt new	lignite_new	lignite_old 2	gas_ccgt new	lignite_new	MESPIPILES_INJECTION	MESPIPILES_WITHDRAWAL	MESPIPILES_LEVEL	sts_dyn	sts_dyn	sts_dyn	sts_dyn	AVL DTG	DTG MRG	MAX MRG	AVL DTG	DTG MRG	MAX MRG	NP COST	NODU	RES LOAD	AVL DTG	DTG MRG	MAX MRG	NP COST	NODU	RES LOAD
		Tons	MWh	MWh	MWh	MWh	MIN GEN - MWh	NP Cost - Euro	NP Cost - Euro	NP Cost - Euro	NODU	NODU	MW	MW	MWh	MWh	MWh	MWh	MWh	MWh	MWh	MWh	MWh	MWh	MWh	Euro	 	MWh	MWh	MWh	MWh	Euro	 	MWh
		EXP	EXP	EXP	EXP	EXP	EXP	EXP	EXP	EXP	EXP	EXP	EXP	EXP	EXP	EXP	EXP	EXP	EXP	EXP	EXP	EXP	EXP	EXP	EXP	EXP	EXP	EXP	EXP	EXP	EXP	EXP	EXP	EXP
	00_pump_d	0	0	0	0	0	0	0	0	0	0	0	0	0	0	0	0	0	0	0	0	0	0	0	0	0	0	0	0	0	0	0	0	0
	00_pump_w	0	0	0	0	0	0	0	0	0	0	0	0	0	0	0	0	0	0	0	0	0	0	0	0	0	0	0	0	0	0	0	0	0
	00_turb_d	0	275317	0	0	0	0	0	0	0	0	0	0	0	0	0	0	0	0	0	0	0	0	0	0	0	0	0	0	0	0	9277632	9002315	9002315
	00_turb_w	0	577057	0	0	0	0	0	0	0	0	0	0	0	0	0	0	0	0	0	0	0	0	0	0	0	0	0	0	0	0	17253600	16676543	16676543
	al	1910738	5264971	873600	0	0	0	0	0	0	0	0	87281	78553	128	87281	78553	128	6012330	6252800	114229	114242	497261	62528	7268658	0	0	0	0	0	0	0	0	0
	ba	14391913	16176377	0	0	0	0	0	0	0	0	0	0	0	0	0	0	0	0	0	0	0	0	0	0	0	0	0	0	0	0	18840272	2663895	2663910
	bg	14277974	2401395	858297	12072938	15522761	0	0	0	0	0	0	0	0	0	0	0	0	0	0	0	0	34708848	3853457	3837191	12246024	105344	37090239	0	0	0	0	0	0
	cy	1120192	776087	1042683	0	0	0	0	0	0	0	0	0	0	0	0	0	0	0	0	0	0	0	0	0	0	0	0	8864584	7045814	8782124	7000029	37372	82460
	gr	24685949	12007496	21328999	0	0	0	0	0	0	0	0	0	0	0	0	0	0	0	0	0	0	0	0	0	0	0	0	69772360	36435865	36434290	0	112599	48623601
	hr	5950481	8231890	3924343	0	0	0	0	0	0	0	0	0	0	0	0	0	0	0	0	0	0	0	0	0	0	0	0	15172400	3016167	3016176	19033356	48124	13273835
	hu	6967400	18988760	196034	32885184	0	0	0	0	0	0	0	0	0	0	0	0	0	0	0	0	0	68939360	16869381	16869381	38261690	118499	37422607	0	0	0	0	0	0
	me	2743182	3251122	0	0	0	0	0	0	0	0	0	0	0	0	0	0	0	0	0	0	0	0	0	0	0	0	0	0	0	0	3260800	9678	9681
	mk	7005389	74993	908160	6587160	0	0	0	0	0	0	0	0	0	0	0	0	0	0	0	0	0	0	0	0	9692040	2121727	2121410	5060429	37140	15486338	0	0	0
	ro	10877505	15306523	1656002	3529755	16281532	0	0	0	0	0	0	0	0	0	0	0	0	0	0	0	0	45797032	9023220	9023221	8267745	185777	37527109	0	0	0	0	0	0
	rs	24677753	4450549	27629142	0	0	0	0	0	0	0	0	0	0	0	0	0	0	0	0	0	0	0	0	0	0	0	0	32141320	61629	61637	5144520	126064	41219020


	digest
	VARIABLES	AREAS	LINKS
	0	0	31

	
	
	


