8709
8709
8709
8709
8709
8709
8709
8709
8709
8709
8709
8709
8709
8709
8709
8709
8709
8709
8709
8709
8709
8709
8709
8709
8709
8709
8709
8709
8709
8709
8708
9832
9832
9832
9832
9832
9832
9832
9832
9832
9832
9832
9832
9832
9832
9832
9832
9832
9832
9832
9832
9832
9832
9832
9831
9831
9831
9831
9831
9523
9523
9523
9523
9523
9523
9523
9523
9523
9523
9523
9523
9523
9523
9523
9523
9523
9523
9523
9523
9523
9523
9523
9523
9523
9522
9522
9522
9522
9522
9522
7409
7409
7409
7409
7409
7409
7409
7409
7409
7409
7409
7409
7409
7409
7409
7409
7408
7408
7408
7408
7408
7408
7408
7408
7408
7408
7408
7408
7408
7408
5434
5434
5434
5434
5433
5433
5433
5433
5433
5433
5433
5433
5433
5433
5433
5433
5433
5433
5433
5433
5433
5433
5433
5433
5433
5433
5433
5433
5433
5433
5433
4300
4300
4300
4300
4300
4300
4300
4300
4300
4300
4300
4300
4300
4300
4299
4299
4299
4299
4299
4299
4299
4299
4299
4299
4299
4299
4299
4299
4299
4299
3586
3586
3586
3586
3586
3586
3586
3586
3586
3586
3586
3586
3586
3586
3586
3586
3586
3586
3586
3586
3586
3586
3586
3586
3586
3585
3585
3585
3585
3585
3585
3310
3310
3310
3310
3310
3310
3310
3310
3310
3310
3310
3309
3309
3309
3309
3309
3309
3309
3309
3309
3309
3309
3309
3309
3309
3309
3309
3309
3309
3309
3309
2771
2771
2771
2771
2771
2771
2771
2771
2771
2771
2771
2771
2771
2771
2771
2771
2771
2771
2770
2770
2770
2770
2770
2770
2770
2770
2770
2770
2770
2770
3904
3904
3904
3904
3904
3904
3904
3904
3904
3904
3904
3904
3904
3904
3903
3903
3903
3903
3903
3903
3903
3903
3903
3903
3903
3903
3903
3903
3903
3903
3903
5610
5610
5610
5610
5610
5609
5609
5609
5609
5609
5609
5609
5609
5609
5609
5609
5609
5609
5609
5609
5609
5609
5609
5609
5609
5609
5609
5609
5609
5609
7706
7706
7706
7706
7706
7705
7705
7705
7705
7705
7705
7705
7705
7705
7705
7705
7705
7705
7705
7705
7705
7705
7705
7705
7705
7705
7705
7705
7705
7705
7705
