C	area	id	daily
	VARIABLES	BEGIN	END
	58	1	364

C	daily			OP. COST	OP. COST	MRG. PRICE	MRG. PRICE	BALANCE	BALANCE	LOAD	LOAD	H. ROR	H. ROR	WIND	WIND	SOLAR	SOLAR	NUCLEAR	NUCLEAR	LIGNITE	LIGNITE	COAL	COAL	GAS	GAS	OIL	OIL	MIX. FUEL	MIX. FUEL	MISC. DTG	MISC. DTG	H. STOR	H. STOR	H. PUMP	H. PUMP	H. LEV	H. LEV	H. INFL	H. INFL	H. OVFL	H. OVFL	H. VAL	H. VAL	H. COST	H. COST	UNSP. ENRG	UNSP. ENRG	SPIL. ENRG	SPIL. ENRG	LOLD	LOLD	AVL DTG	AVL DTG	DTG MRG	DTG MRG	MAX MRG	MAX MRG	NP COST	NP COST	NODU	NODU
				Euro	Euro	Euro	Euro	MWh	MWh	MWh	MWh	MWh	MWh	MWh	MWh	MWh	MWh	MWh	MWh	MWh	MWh	MWh	MWh	MWh	MWh	MWh	MWh	MWh	MWh	MWh	MWh	MWh	MWh	MWh	MWh	%	%	MWh	MWh	%	%	Euro/MWh	Euro/MWh	Euro	Euro	MWh	MWh	MWh	MWh	Hours	Hours	MWh	MWh	MWh	MWh	MWh	MWh	Euro	Euro	 	 
	index	day	month	min	max	min	max	min	max	min	max	min	max	min	max	min	max	min	max	min	max	min	max	min	max	min	max	min	max	min	max	min	max	min	max	min	max	min	max	min	max	min	max	min	max	min	max	min	max	min	max	min	max	min	max	min	max	min	max	min	max
	1	01	JAN	1	7	1	7	1	1	6	7	1	4	1	1	1	1	1	1	1	2	1	1	1	1	1	7	1	7	1	1	1	7	1	1	1	4	1	4	1	1	1	2	1	7	1	1	1	1	1	1	9	2	1	4	1	6	1	1	1	2
	2	02	JAN	1	7	1	7	1	1	9	7	1	4	1	1	1	1	1	1	1	2	1	1	1	1	1	7	1	3	1	1	1	7	1	1	1	4	1	4	1	1	1	2	1	7	1	1	1	1	1	1	9	2	1	4	1	4	1	1	1	7
	3	03	JAN	1	7	1	7	1	1	9	7	1	4	1	1	1	1	1	1	1	2	1	1	1	1	1	7	1	3	1	1	1	7	1	1	1	4	1	4	1	1	1	2	1	7	1	1	1	1	1	1	9	2	1	8	1	4	1	1	1	7
	4	04	JAN	1	7	1	7	1	1	9	7	1	4	1	1	1	1	1	1	1	2	1	1	1	1	1	7	1	3	1	1	1	7	1	1	1	4	1	4	1	1	1	2	1	7	1	1	1	1	1	1	9	2	1	8	1	4	1	1	1	7
	5	05	JAN	1	2	1	7	1	1	1	7	1	4	1	1	1	1	1	1	1	2	1	1	1	1	1	7	1	3	1	1	1	7	1	1	1	4	1	4	1	1	1	2	1	7	1	1	1	1	1	1	9	8	1	4	1	4	1	1	1	2
	6	06	JAN	1	2	1	7	1	1	1	2	1	4	1	1	1	1	1	1	1	2	1	1	1	1	1	7	1	6	1	1	1	4	1	1	1	4	1	4	1	1	1	2	1	6	1	1	1	1	1	1	9	8	1	8	1	8	1	1	1	2
	7	07	JAN	1	6	1	7	1	1	9	6	1	4	1	1	1	1	1	1	1	2	1	1	1	1	1	7	1	6	1	1	1	4	1	1	1	4	1	4	1	1	1	2	1	6	1	1	1	1	1	1	7	8	1	4	1	4	1	1	1	2
	8	08	JAN	1	6	8	7	1	1	9	5	3	4	1	1	1	1	1	1	3	8	1	1	1	1	1	6	1	6	1	1	2	5	1	1	8	4	3	4	1	1	4	1	2	5	1	1	1	1	1	1	4	8	6	8	6	8	1	1	1	8
	9	09	JAN	9	2	8	7	1	1	9	5	3	4	1	1	1	1	1	1	3	8	1	1	1	1	1	2	9	3	1	1	6	5	1	1	8	4	3	4	1	1	4	1	6	5	1	1	1	1	1	1	3	8	6	8	6	8	1	1	4	2
	10	10	JAN	9	6	1	7	1	1	9	7	3	4	1	1	1	1	1	1	3	8	1	1	1	1	1	6	9	2	1	1	1	7	1	1	8	4	3	4	1	1	4	1	9	7	1	1	1	1	1	1	3	8	6	8	6	8	1	1	3	2
	11	11	JAN	1	6	8	6	1	1	9	6	3	4	1	1	1	1	1	1	3	1	1	1	1	1	1	6	1	2	1	1	8	7	1	1	8	4	3	4	1	1	4	1	8	7	1	1	1	1	1	1	3	8	6	1	6	8	1	1	3	6
	12	12	JAN	1	6	1	6	1	1	9	6	3	4	1	1	1	1	1	1	3	1	1	1	1	1	1	6	1	7	1	1	8	6	1	1	8	4	3	4	1	1	4	1	8	6	1	1	1	1	1	1	3	8	6	8	6	8	1	1	4	6
	13	13	JAN	1	6	8	6	1	1	1	6	3	4	1	1	1	1	1	1	3	9	1	1	1	1	1	6	1	6	1	1	2	4	1	1	8	4	3	4	1	1	4	1	2	4	1	1	1	1	1	1	3	2	6	8	6	8	1	1	4	2
	14	14	JAN	1	6	8	6	1	1	3	6	3	4	1	1	1	1	1	1	7	9	1	1	1	1	1	6	9	6	1	1	7	9	1	1	8	4	3	4	1	1	4	1	7	9	1	1	1	1	1	1	7	2	6	9	6	8	1	1	4	9
	15	15	JAN	1	2	8	7	1	1	3	4	3	4	1	1	1	1	1	1	7	9	1	1	1	1	1	7	1	7	1	1	7	4	1	1	8	4	3	4	1	1	4	1	7	4	1	1	1	1	1	1	7	9	7	8	7	8	1	1	4	9
	16	16	JAN	1	9	8	7	1	1	3	4	3	4	1	1	1	1	1	1	7	9	1	1	1	1	1	7	1	2	1	1	8	4	1	1	8	4	3	4	1	1	4	1	8	7	1	1	1	1	1	1	7	9	7	5	7	3	1	1	7	9
	17	17	JAN	1	7	3	7	1	1	3	9	3	4	1	1	1	1	1	1	7	1	1	1	1	1	1	7	1	2	1	1	2	4	1	1	8	4	3	4	1	1	4	1	2	9	1	1	1	1	1	1	4	2	7	3	7	3	1	1	8	9
	18	18	JAN	1	7	1	7	1	1	1	9	3	4	1	1	1	1	1	1	7	1	1	1	1	1	1	7	1	2	1	1	1	4	1	1	8	4	3	4	1	1	4	1	1	9	1	1	1	1	1	1	7	3	7	1	7	1	1	1	8	9
	19	19	JAN	1	9	3	7	1	1	1	9	3	4	1	1	1	1	1	1	7	3	1	1	1	1	1	7	1	9	1	1	6	7	1	1	8	4	3	4	1	1	4	1	6	7	1	1	1	1	1	1	7	3	7	1	7	1	1	1	7	3
	20	20	JAN	1	9	3	7	1	1	1	9	3	4	1	1	1	1	1	1	7	3	1	1	1	1	1	7	1	9	1	1	2	7	1	1	8	4	3	4	1	1	4	1	2	7	1	1	1	1	1	1	7	3	7	3	7	3	1	1	8	3
	21	21	JAN	6	9	3	7	1	1	6	9	3	4	1	1	1	1	1	1	7	3	1	1	1	1	1	7	3	9	1	1	2	1	1	1	8	4	3	4	1	1	4	1	2	1	1	1	1	1	1	1	7	3	7	3	7	3	1	1	7	3
	22	22	JAN	6	9	3	8	1	1	6	9	3	4	1	1	1	1	1	1	7	3	1	1	1	1	1	8	6	9	1	1	2	4	1	1	8	4	3	4	1	1	4	1	2	7	1	1	1	1	1	1	8	3	8	6	8	6	1	1	7	3
	23	23	JAN	6	2	1	8	1	1	6	7	3	4	1	1	1	1	1	1	6	3	1	1	1	1	1	8	6	9	1	1	6	7	1	1	8	4	3	4	1	1	4	1	6	7	1	1	1	1	1	1	8	3	8	6	8	6	1	1	8	3
	24	24	JAN	6	2	1	8	1	1	6	7	3	4	1	1	1	1	1	1	1	3	1	1	1	1	1	8	6	9	1	1	6	7	1	1	8	4	3	4	1	1	4	1	6	7	1	1	1	1	1	1	8	3	8	6	8	6	1	1	1	3
	25	25	JAN	6	2	3	8	1	1	6	4	3	4	1	1	1	1	1	1	1	3	1	1	1	1	2	8	6	2	1	1	6	5	1	1	8	4	3	4	1	1	4	1	6	5	1	1	1	1	1	1	8	3	8	6	8	6	1	1	1	2
	26	26	JAN	6	2	3	8	1	1	6	4	3	4	1	1	1	1	1	1	1	3	1	1	1	1	2	8	6	2	1	1	2	1	1	1	8	4	3	4	1	1	4	1	2	1	1	1	1	1	1	1	8	3	8	6	8	6	1	1	1	2
	27	27	JAN	6	2	3	8	1	1	6	4	3	4	1	1	1	1	1	1	1	3	1	1	1	1	1	8	6	4	1	1	7	3	1	1	8	4	3	4	1	1	4	1	7	3	1	1	1	1	1	1	8	3	8	6	8	6	1	1	1	3
	28	28	JAN	6	2	3	8	1	1	6	4	3	4	1	1	1	1	1	1	1	2	1	1	1	1	1	8	6	2	1	1	5	4	1	1	8	4	3	4	1	1	4	1	5	4	1	1	1	1	1	1	8	3	8	6	8	6	1	1	1	2
	29	29	JAN	1	2	5	2	1	1	6	4	3	4	1	1	1	1	1	1	1	2	1	1	1	1	1	2	5	2	1	1	6	4	1	1	8	4	3	4	1	1	1	1	6	4	1	1	1	1	1	1	1	2	8	7	8	7	1	1	1	2
	30	30	JAN	1	2	5	2	1	1	1	4	3	4	1	1	1	1	1	1	1	2	1	1	1	1	1	3	5	3	1	1	2	3	1	1	8	4	3	4	1	1	1	1	2	3	1	1	1	1	1	1	9	2	8	7	8	7	1	1	1	2
	31	31	JAN	1	3	1	6	1	1	1	4	3	4	1	1	1	1	1	1	1	2	1	1	1	1	1	3	7	3	1	1	1	4	1	1	8	4	3	4	1	1	1	1	1	4	1	1	1	1	1	1	8	7	2	7	2	7	1	1	1	2
	32	01	FEB	1	2	1	6	1	1	1	4	2	4	1	1	1	1	1	1	1	2	1	1	1	1	1	2	7	6	1	1	7	4	1	1	8	4	2	4	1	1	1	1	7	4	1	1	1	1	1	1	9	7	2	7	2	7	1	1	1	2
	33	02	FEB	7	2	8	6	1	1	3	2	2	4	1	1	1	1	1	1	1	2	1	1	1	1	1	2	7	6	1	1	8	6	1	1	8	4	2	4	1	1	1	1	8	6	1	1	1	1	1	1	9	7	2	7	2	7	1	1	1	2
	34	03	FEB	7	2	3	6	1	1	3	2	2	4	1	1	1	1	1	1	6	2	1	1	1	1	1	6	7	6	1	1	8	4	1	1	8	4	2	4	1	1	1	1	8	4	1	1	1	1	1	1	9	7	2	7	2	7	1	1	1	7
	35	04	FEB	7	2	3	2	1	1	7	2	2	4	1	1	1	1	1	1	3	2	1	1	1	1	1	2	7	6	1	1	8	4	1	1	8	4	2	4	1	1	1	1	8	4	1	1	1	1	1	1	2	1	2	7	2	7	1	1	3	5
	36	05	FEB	7	2	3	2	1	1	3	2	2	4	1	1	1	1	1	1	3	2	1	1	1	1	1	2	4	6	1	1	8	4	1	1	8	4	2	4	1	1	1	1	8	4	1	1	1	1	1	1	2	4	2	4	2	4	1	1	6	5
	37	06	FEB	7	2	8	2	1	1	7	2	2	4	1	1	1	1	1	1	3	5	1	1	1	1	1	2	7	6	1	1	8	6	1	1	8	4	2	4	1	1	1	1	8	6	1	1	1	1	1	1	7	4	2	1	2	4	1	1	3	5
	38	07	FEB	7	2	5	2	1	1	7	4	2	4	1	1	1	1	1	1	3	5	1	1	1	1	1	6	7	6	1	1	9	6	1	1	8	4	2	4	1	1	1	1	9	6	1	1	1	1	1	1	7	4	2	4	2	4	1	1	3	5
	39	08	FEB	7	6	5	2	1	1	7	4	2	4	1	1	1	1	1	1	1	5	1	1	1	1	1	2	7	6	1	1	7	4	1	1	8	4	2	4	1	1	1	1	7	4	1	1	1	1	1	1	8	9	2	9	2	7	1	1	7	5
	40	09	FEB	7	6	1	2	1	1	7	4	2	4	1	1	1	1	1	1	3	5	1	1	1	1	1	2	7	6	1	1	2	4	1	1	8	4	2	4	1	1	1	1	2	4	1	1	1	1	1	1	8	5	8	7	2	7	1	1	7	5
	41	10	FEB	4	6	3	6	1	1	7	6	2	4	1	1	1	1	1	1	3	5	1	1	1	1	1	1	4	6	1	1	2	4	1	1	8	4	2	4	1	1	1	1	2	4	1	1	1	1	1	1	7	2	6	4	6	4	1	1	4	5
	42	11	FEB	7	6	8	9	1	1	1	6	2	4	1	1	1	1	1	1	3	5	1	1	1	1	1	1	4	3	1	1	2	4	1	1	8	4	2	4	1	1	1	1	2	4	1	1	1	1	1	1	7	2	6	1	6	1	1	1	4	5
	43	12	FEB	7	6	1	9	1	1	7	6	2	4	1	1	1	1	1	1	3	5	1	1	1	1	1	1	7	3	1	1	6	4	1	1	8	4	2	4	1	1	1	1	6	4	1	1	1	1	1	1	9	2	8	7	8	1	1	1	4	5
	44	13	FEB	7	6	1	9	1	1	7	3	2	4	1	1	1	1	1	1	3	5	1	1	1	1	1	1	1	3	1	1	2	3	1	1	8	4	2	4	1	1	1	1	2	3	1	1	1	1	1	1	9	1	8	1	8	1	1	1	4	5
	45	14	FEB	7	3	1	8	1	1	7	6	2	4	1	1	1	1	1	1	3	5	1	1	1	1	1	8	7	3	1	1	2	6	1	1	8	4	2	4	1	1	1	1	2	6	1	1	1	1	1	1	8	5	8	7	8	1	1	1	8	5
	46	15	FEB	1	6	1	8	1	1	2	6	2	4	1	1	1	1	1	1	3	7	1	1	1	1	1	8	7	3	1	1	2	3	1	1	8	4	2	4	1	1	1	1	2	3	1	1	1	1	1	1	9	5	8	1	8	1	1	1	8	5
	47	16	FEB	1	6	1	9	1	1	1	6	2	4	1	1	1	1	1	1	9	1	1	1	1	1	1	1	1	6	1	1	2	4	1	1	8	4	2	4	1	1	1	1	2	4	1	1	1	1	1	1	9	5	9	1	9	1	1	1	9	5
	48	17	FEB	4	2	3	9	1	1	1	5	2	4	1	1	1	1	1	1	9	1	1	1	1	1	1	1	4	3	1	1	8	4	1	1	8	4	2	4	1	1	1	1	8	4	1	1	1	1	1	1	9	1	9	1	9	1	1	1	4	1
	49	18	FEB	4	8	8	9	1	1	4	5	2	4	1	1	1	1	1	1	9	4	1	1	1	1	1	1	4	9	1	1	8	7	1	1	3	4	2	4	1	1	1	1	8	7	1	1	1	1	1	1	9	1	9	4	9	4	1	1	4	2
	50	19	FEB	4	5	1	5	1	1	4	5	2	4	1	1	1	1	1	1	9	2	1	1	1	1	1	5	4	5	1	1	6	9	1	1	3	4	2	4	1	1	1	1	6	9	1	1	1	1	1	1	9	2	5	4	5	4	1	1	4	2
	51	20	FEB	4	5	1	5	1	1	4	5	2	4	1	1	1	1	1	1	6	8	1	1	1	1	1	5	4	5	1	1	6	4	1	1	3	4	2	4	1	1	1	1	6	4	1	1	1	1	1	1	9	2	5	4	5	4	1	1	4	2
	52	21	FEB	4	5	1	5	1	1	1	5	2	4	1	1	1	1	1	1	1	2	1	1	1	1	1	5	4	6	1	1	2	3	1	1	3	4	2	4	1	1	1	1	2	3	1	1	1	1	1	1	1	2	5	4	5	4	1	1	4	2
	53	22	FEB	4	5	3	5	1	1	4	5	2	4	1	1	1	1	1	1	1	2	1	1	1	1	1	5	4	6	1	1	8	5	1	1	3	4	2	4	1	1	1	1	8	5	1	1	1	1	1	1	1	2	5	4	5	4	1	1	1	5
	54	23	FEB	4	5	1	5	1	1	4	5	2	4	1	1	1	1	1	1	1	2	1	1	1	1	1	5	4	5	1	1	1	5	1	1	3	4	2	4	1	1	1	1	1	5	1	1	1	1	1	1	1	2	5	4	5	4	1	1	4	2
	55	24	FEB	4	5	1	5	1	1	1	5	2	4	1	1	1	1	1	1	1	2	1	1	1	1	1	5	4	5	1	1	8	4	1	1	3	4	2	4	1	1	1	1	8	4	1	1	1	1	1	1	1	2	5	4	5	4	1	1	4	6
	56	25	FEB	4	5	8	5	1	1	1	5	2	4	1	1	1	1	1	1	1	2	1	1	1	1	1	5	4	5	1	1	6	5	1	1	3	4	2	4	1	1	1	1	6	5	1	1	1	1	1	1	1	6	5	7	5	7	1	1	4	6
	57	26	FEB	7	2	3	2	1	1	1	5	2	4	1	1	1	1	1	1	1	2	1	1	1	1	1	1	7	5	1	1	2	5	1	1	3	4	2	4	1	1	1	1	2	5	1	1	1	1	1	1	1	6	5	7	5	7	1	1	1	6
	58	27	FEB	1	2	3	2	1	1	1	2	2	4	1	1	1	1	1	1	1	2	1	1	1	1	1	2	7	5	1	1	6	5	1	1	3	4	2	4	1	1	1	1	6	5	1	1	1	1	1	1	1	3	2	7	2	7	1	1	1	3
	59	28	FEB	7	2	1	2	1	1	1	2	2	4	1	1	1	1	1	1	1	3	1	1	1	1	1	2	7	5	1	1	6	2	1	1	3	4	2	4	1	1	1	1	6	2	1	1	1	1	1	1	1	3	2	7	2	7	1	1	1	3
	60	01	MAR	1	2	1	2	1	1	1	2	6	1	1	1	1	1	1	1	1	7	1	1	1	1	1	2	4	5	1	1	6	9	1	1	3	4	6	1	1	1	1	1	6	9	1	1	1	1	1	1	1	3	2	6	2	4	1	1	1	6
	61	02	MAR	4	2	1	2	1	1	4	9	6	1	1	1	1	1	1	1	5	3	1	1	1	1	1	2	4	5	1	1	8	4	1	1	3	4	6	1	1	1	1	1	8	4	1	1	1	1	1	1	1	3	2	4	2	4	1	1	4	6
	62	03	MAR	4	2	3	2	1	1	4	9	6	1	1	1	1	1	1	1	5	1	1	1	1	1	1	2	4	5	1	1	2	9	1	1	3	4	6	1	1	1	1	1	2	9	1	1	1	1	1	1	2	3	2	4	2	4	1	1	4	3
	63	04	MAR	4	2	3	2	1	1	4	9	6	1	1	1	1	1	1	1	2	1	1	1	1	1	1	2	4	2	1	1	2	7	1	1	3	4	6	1	1	1	1	1	2	7	1	1	1	1	1	1	2	8	2	4	2	4	1	1	4	8
	64	05	MAR	4	5	3	6	1	1	4	9	6	1	1	1	1	1	1	1	6	8	1	1	1	1	1	6	4	6	1	1	6	4	1	1	3	4	6	1	1	1	1	1	6	4	1	1	1	1	1	1	2	3	2	4	2	4	1	1	4	8
	65	06	MAR	4	2	3	6	1	1	4	9	6	1	1	1	1	1	1	1	6	8	1	1	1	1	1	2	4	6	1	1	6	9	1	1	3	4	6	1	1	1	1	1	6	9	1	1	1	1	1	1	6	8	2	4	2	4	1	1	4	8
	66	07	MAR	4	2	3	6	1	1	4	9	6	1	1	1	1	1	1	1	6	8	1	1	1	1	1	6	4	9	1	1	6	3	1	1	3	4	6	1	1	1	1	1	6	3	1	1	1	1	1	1	6	8	6	4	6	4	1	1	4	8
	67	08	MAR	4	6	1	6	1	1	4	3	6	1	1	1	1	1	1	1	6	8	1	1	1	1	1	6	4	6	1	1	8	6	1	1	3	4	6	1	1	1	1	1	8	6	1	1	1	1	1	1	6	8	6	4	6	4	1	1	4	8
	68	09	MAR	4	6	3	6	1	1	4	5	6	1	1	1	1	1	1	1	6	8	1	1	1	1	1	6	4	6	1	1	2	5	1	1	3	4	6	1	1	1	1	1	2	5	1	1	1	1	1	1	6	8	6	4	6	4	1	1	4	8
	69	10	MAR	4	6	3	6	1	1	4	5	6	1	1	1	1	1	1	1	6	8	1	1	1	1	1	6	1	6	1	1	2	1	1	1	3	4	6	1	1	1	1	1	2	1	1	1	1	1	1	1	6	8	6	1	6	8	1	1	4	8
	70	11	MAR	7	6	3	6	1	1	7	6	6	1	1	1	1	1	1	1	4	8	1	1	1	1	1	6	7	6	1	1	2	4	1	1	3	4	6	1	1	1	1	1	2	4	1	1	1	1	1	1	4	8	6	1	6	1	1	1	4	8
	71	12	MAR	4	6	3	6	1	1	4	6	6	1	1	1	1	1	1	1	9	8	1	1	1	1	1	1	4	6	1	1	7	4	1	1	3	4	6	1	1	1	1	1	7	4	1	1	1	1	1	1	4	8	6	1	6	1	1	1	4	8
	72	13	MAR	4	6	8	6	1	1	4	6	6	1	1	1	1	1	1	1	6	8	1	1	1	1	1	6	4	6	1	1	8	6	1	1	3	4	6	1	1	1	1	1	8	6	1	1	1	1	1	1	4	2	6	1	6	1	1	1	4	2
	73	14	MAR	4	6	8	6	1	1	7	6	6	1	1	1	1	1	1	1	9	8	1	1	1	1	1	6	4	6	1	1	8	6	1	1	3	4	6	1	1	1	1	1	8	6	1	1	1	1	1	1	4	2	6	1	6	1	1	1	7	2
	74	15	MAR	7	6	8	6	1	1	7	5	6	1	1	1	1	1	1	1	7	8	1	1	1	1	1	1	8	6	1	1	2	7	1	1	3	4	6	1	1	1	1	1	2	7	1	1	1	1	1	1	4	2	4	8	6	1	1	1	7	5
	75	16	MAR	4	5	8	7	1	1	4	5	6	1	1	1	1	1	1	1	7	8	1	1	1	1	1	1	4	5	1	1	6	7	1	1	3	1	6	1	1	1	1	1	6	7	1	1	1	1	1	1	4	6	5	8	5	1	1	1	7	6
	76	17	MAR	4	5	3	9	1	1	4	5	6	1	1	1	1	1	1	1	7	8	1	1	1	1	1	1	4	5	1	1	6	9	1	1	3	1	6	1	1	1	1	1	6	9	1	1	1	1	1	1	4	9	5	9	5	1	1	1	4	6
	77	18	MAR	4	5	3	9	1	1	4	5	6	1	1	1	1	1	1	1	2	5	1	1	1	1	1	1	4	5	1	1	6	4	1	1	3	1	6	1	1	1	1	1	6	4	1	1	1	1	1	1	4	9	5	9	5	9	1	1	4	9
	78	19	MAR	4	2	3	9	1	1	4	5	6	1	1	1	1	1	1	1	3	4	1	1	1	1	1	1	4	2	1	1	2	4	1	1	3	1	6	1	1	1	1	1	2	4	1	1	1	1	1	1	4	9	2	9	2	9	1	1	4	9
	79	20	MAR	4	2	1	2	1	1	4	2	6	1	1	1	1	1	1	1	3	4	1	1	1	1	1	1	4	3	1	1	6	9	1	1	3	1	6	1	1	1	1	1	6	9	1	1	1	1	1	1	3	9	3	9	2	1	1	1	4	9
	80	21	MAR	4	2	1	2	1	1	4	2	6	1	1	1	1	1	1	1	3	4	1	1	1	1	1	2	4	3	1	1	4	3	1	1	3	1	6	1	1	1	1	1	4	3	1	1	1	1	1	1	3	9	2	1	2	1	1	1	4	9
	81	22	MAR	4	2	1	2	1	1	4	2	6	1	1	1	1	1	1	1	3	4	1	1	1	1	1	2	4	2	1	1	8	7	1	1	3	1	6	1	1	1	1	1	8	7	1	1	1	1	1	1	2	9	2	4	2	4	1	1	4	5
	82	23	MAR	4	2	3	2	1	1	4	2	6	1	1	1	1	1	1	1	9	6	1	1	1	1	1	1	4	2	1	1	6	4	1	1	3	1	6	1	1	1	1	1	6	4	1	1	1	1	1	1	2	1	2	1	2	1	1	1	4	6
	83	24	MAR	4	6	3	2	1	1	4	6	6	1	1	1	1	1	1	1	9	5	1	1	1	1	1	1	4	2	1	1	2	6	1	1	3	1	6	1	1	1	1	1	2	6	1	1	1	1	1	1	2	7	2	1	2	1	1	1	4	5
	84	25	MAR	4	6	4	9	1	1	4	6	6	1	1	1	1	1	1	1	9	1	1	1	1	1	1	1	4	6	1	1	1	4	1	1	3	1	6	1	1	1	1	1	1	4	1	1	1	1	1	1	2	7	6	1	6	1	1	1	4	5
	85	26	MAR	4	6	3	6	1	1	9	6	6	1	1	1	1	1	1	1	9	1	1	1	1	1	1	1	4	6	1	1	2	4	1	1	3	1	6	1	1	1	1	1	2	4	1	1	1	1	1	1	4	1	6	1	6	1	1	1	4	5
	86	27	MAR	4	6	3	6	1	1	9	6	6	1	1	1	1	1	1	1	9	1	1	1	1	1	1	1	4	6	1	1	9	4	1	1	3	1	6	1	1	1	1	1	9	4	1	1	1	1	1	1	2	7	6	1	6	4	1	1	4	6
	87	28	MAR	9	6	5	6	1	1	9	6	6	1	1	1	1	1	1	1	9	6	1	1	1	1	1	1	2	6	1	1	6	7	1	1	3	1	6	1	1	1	1	1	6	7	1	1	1	1	1	1	2	6	2	9	8	7	1	1	4	6
	88	29	MAR	9	6	5	6	1	1	9	6	6	1	1	1	1	1	1	1	9	6	1	1	1	1	1	1	4	8	1	1	2	1	1	1	3	1	6	1	1	1	1	1	2	1	1	1	1	1	1	1	1	6	8	9	8	4	1	1	4	6
	89	30	MAR	4	6	3	9	1	1	4	6	6	1	1	1	1	1	1	1	9	6	1	1	1	1	1	1	4	8	1	1	2	3	1	1	3	1	6	1	1	1	1	1	2	3	1	1	1	1	1	1	1	7	8	4	8	4	1	1	4	6
	90	31	MAR	4	6	3	9	1	1	2	6	6	1	1	1	1	1	1	1	9	2	1	1	1	1	1	1	4	6	1	1	2	4	1	1	3	1	6	1	1	1	1	1	2	4	1	1	1	1	1	1	1	7	8	4	8	4	1	1	4	6
	91	01	APR	2	6	2	9	1	1	2	6	6	7	1	1	1	1	1	1	8	2	1	1	1	1	1	1	2	8	1	1	5	4	1	1	3	1	6	7	1	1	1	1	5	4	1	1	1	1	1	1	1	7	8	2	8	2	1	1	2	6
	92	02	APR	4	6	3	9	1	1	2	6	6	7	1	1	1	1	1	1	8	4	1	1	1	1	1	1	4	6	1	1	2	9	1	1	3	1	6	7	1	1	1	1	2	9	1	1	1	1	1	1	8	3	8	4	8	4	1	1	2	6
	93	03	APR	4	6	3	9	1	1	2	9	6	7	1	1	1	1	1	1	6	9	1	1	1	1	1	1	4	6	1	1	2	4	1	1	3	1	6	7	1	1	1	1	2	4	1	1	1	1	1	1	8	9	8	7	8	7	1	1	4	6
	94	04	APR	7	8	3	6	1	1	2	3	6	7	1	1	1	1	1	1	6	9	1	1	1	1	1	1	2	6	1	1	5	1	1	1	3	1	6	7	1	1	1	1	5	1	1	1	1	1	1	1	8	9	8	7	8	7	1	1	7	3
	95	05	APR	2	6	3	9	1	1	2	5	6	7	1	1	1	1	1	1	6	9	1	1	1	1	1	1	2	6	1	1	2	4	1	1	3	1	6	7	1	1	1	1	2	4	1	1	1	1	1	1	8	9	8	7	8	7	1	1	2	6
	96	06	APR	2	8	3	4	1	1	2	5	6	7	1	1	1	1	1	1	6	9	1	1	1	1	1	1	2	8	1	1	2	9	1	1	3	1	6	7	1	1	1	1	2	9	1	1	1	1	1	1	8	9	8	2	8	2	1	1	2	6
	97	07	APR	4	1	4	9	1	1	2	1	6	7	1	1	1	1	1	1	6	9	1	1	1	1	1	1	4	6	1	1	2	5	1	1	3	1	6	7	1	1	1	1	2	5	1	1	1	1	1	1	8	9	8	4	8	4	1	1	4	6
	98	08	APR	4	1	4	9	1	1	4	1	6	7	1	1	1	1	1	1	6	9	1	1	1	1	1	1	4	6	1	1	6	1	1	1	3	1	6	7	1	1	1	1	6	1	1	1	1	1	1	1	1	9	1	7	1	4	1	1	4	6
	99	09	APR	4	6	4	9	1	1	4	6	6	7	1	1	1	1	1	1	6	9	1	1	1	1	1	1	4	6	1	1	8	5	1	1	3	1	6	7	1	1	1	1	8	5	1	1	1	1	1	1	8	9	1	4	8	4	1	1	4	6
	100	10	APR	4	6	3	9	1	1	4	6	6	7	1	1	1	1	1	1	3	9	1	1	1	1	1	1	4	6	1	1	6	9	1	1	3	1	6	7	1	1	1	1	6	9	1	1	1	1	1	1	8	9	6	4	8	4	1	1	4	6
	101	11	APR	4	3	1	8	1	1	4	3	6	7	1	1	1	1	1	1	8	9	1	1	1	1	1	8	4	3	1	1	2	8	1	1	3	1	6	7	1	1	1	1	2	8	1	1	1	1	1	1	8	9	8	4	8	4	1	1	4	6
	102	12	APR	4	6	3	9	1	1	4	6	6	7	1	1	1	1	1	1	3	9	1	1	1	1	1	1	4	6	1	1	2	6	1	1	3	1	6	7	1	1	1	3	2	6	1	1	1	1	1	1	1	4	5	4	8	4	1	1	4	6
	103	13	APR	4	6	3	7	1	1	2	6	6	7	1	1	1	1	1	1	8	9	1	1	1	1	1	1	9	6	1	1	8	3	1	1	3	1	6	7	1	1	1	3	8	3	1	1	1	1	1	1	8	4	8	4	8	4	1	1	4	6
	104	14	APR	5	8	3	7	1	1	5	7	6	7	1	1	1	1	1	1	8	7	1	1	1	1	1	1	9	8	1	1	5	7	1	1	3	1	6	7	1	1	1	3	5	7	1	1	1	1	1	1	8	9	8	9	8	4	1	1	5	8
	105	15	APR	9	8	9	7	1	1	2	7	6	7	1	1	1	1	1	1	3	7	1	1	1	1	1	1	9	8	1	1	5	1	1	1	3	1	6	7	1	1	1	3	5	3	1	1	1	1	1	1	2	4	8	9	8	9	1	1	2	3
	106	16	APR	5	6	3	7	1	1	5	7	6	7	1	1	1	1	1	1	3	7	1	1	1	1	1	1	5	3	1	1	5	7	1	1	3	1	6	7	1	1	1	3	5	7	1	1	1	1	1	1	2	9	2	9	2	9	1	1	5	8
	107	17	APR	7	9	3	9	1	1	2	9	6	7	1	1	1	1	1	1	3	7	1	1	1	1	1	1	7	3	1	1	8	4	1	1	3	1	6	7	1	1	1	3	8	4	1	1	1	1	1	1	2	4	2	7	2	7	1	1	7	8
	108	18	APR	7	6	3	2	1	1	7	4	6	7	1	1	1	1	1	1	3	4	1	1	1	1	1	1	7	2	1	1	8	9	1	1	3	1	6	7	1	1	1	3	8	9	1	1	1	1	1	1	2	4	2	7	2	7	1	1	7	6
	109	19	APR	7	6	3	9	1	1	3	1	6	7	1	1	1	1	1	1	3	6	1	1	1	1	1	1	7	1	1	1	2	7	1	1	3	1	6	7	1	1	1	3	2	3	1	1	1	1	1	1	2	4	2	7	2	7	1	1	7	6
	110	20	APR	7	6	3	9	1	1	7	1	6	7	1	1	1	1	1	1	3	6	1	1	1	1	1	1	7	8	1	1	8	1	1	1	3	1	6	7	1	1	1	3	8	1	1	1	1	1	1	1	2	6	2	7	2	7	1	1	7	6
	111	21	APR	7	1	7	4	1	1	2	1	6	7	1	1	1	1	1	1	3	6	1	1	1	1	1	1	7	1	1	1	2	3	1	1	3	1	6	7	1	1	1	3	2	3	1	1	1	1	1	1	2	6	1	9	1	7	1	1	4	6
	112	22	APR	4	6	4	6	1	1	4	1	6	7	1	1	1	1	1	1	3	1	1	1	1	1	1	1	4	6	1	1	2	1	1	1	3	1	6	7	1	1	1	3	2	3	1	1	1	1	1	1	3	6	1	4	1	4	1	1	4	6
	113	23	APR	4	6	4	7	1	1	4	6	6	7	1	1	1	1	1	1	5	2	1	1	1	1	1	1	4	5	1	1	6	1	1	1	3	1	6	7	1	1	1	3	6	1	1	1	1	1	1	1	1	6	2	4	2	4	1	1	4	6
	114	24	APR	4	6	3	9	1	1	4	9	6	7	1	1	1	1	1	1	5	6	1	1	1	1	1	1	4	5	1	1	8	1	1	1	3	9	6	7	1	1	1	3	8	3	1	1	1	1	1	1	3	6	2	4	2	4	1	1	4	6
	115	25	APR	4	5	3	9	1	1	4	9	6	7	1	1	1	1	1	1	5	2	1	1	1	1	1	1	4	5	1	1	2	7	1	1	3	9	6	7	1	1	1	3	2	7	1	1	1	1	1	1	3	6	3	6	5	4	1	1	4	6
	116	26	APR	4	9	3	9	1	1	1	9	6	7	1	1	1	1	1	1	5	2	1	1	1	1	1	1	1	9	1	1	1	7	1	1	3	9	6	7	1	1	1	3	1	3	1	1	1	1	1	1	3	6	9	4	3	4	1	1	4	6
	117	27	APR	4	6	3	9	1	1	1	9	6	7	1	1	1	1	1	1	5	1	1	1	1	1	1	1	4	5	1	1	8	9	1	1	3	9	6	7	1	1	1	3	8	3	1	1	1	1	1	1	3	6	5	4	5	4	1	1	4	5
	118	28	APR	1	6	1	9	1	1	1	9	6	7	1	1	1	1	1	1	5	9	1	1	1	1	1	1	4	5	1	1	2	9	1	1	3	1	6	7	1	1	1	3	2	9	1	1	1	1	1	1	1	6	5	4	5	4	1	1	4	6
	119	29	APR	4	5	4	6	1	1	4	9	6	7	1	1	1	1	1	1	5	9	1	1	1	1	1	1	4	5	1	1	2	9	1	1	3	1	6	7	1	1	1	3	2	9	1	1	1	1	1	1	3	6	3	4	3	4	1	1	7	5
	120	30	APR	4	9	4	9	1	1	4	9	6	7	1	1	1	1	1	1	5	9	1	1	1	1	1	1	4	5	1	1	4	9	1	1	3	1	6	7	1	1	1	3	4	3	1	1	1	1	1	1	7	6	9	4	9	4	1	1	7	5
	121	01	MAY	3	6	4	9	1	1	2	9	2	3	1	1	1	1	1	1	5	9	1	1	1	1	1	1	4	6	1	1	6	3	1	1	3	1	2	3	1	1	1	3	6	3	1	1	1	1	1	1	7	4	9	4	9	4	1	1	7	6
	122	02	MAY	3	9	3	9	1	1	2	9	2	3	1	1	1	1	1	1	5	4	1	1	1	1	1	1	4	6	1	1	2	7	1	1	3	1	2	3	1	1	1	3	2	3	1	1	1	1	1	1	2	4	9	4	6	4	1	1	4	9
	123	03	MAY	3	6	3	9	1	1	2	9	2	3	1	1	1	1	1	1	6	4	1	1	1	1	1	1	4	6	1	1	2	4	1	1	3	1	2	3	1	1	1	3	2	4	1	1	1	1	1	1	2	1	6	4	6	4	1	1	3	6
	124	04	MAY	4	6	4	9	1	1	2	9	2	3	1	1	1	1	1	1	6	4	1	1	1	1	1	1	4	6	1	1	2	5	1	1	3	1	2	3	1	1	1	3	2	5	1	1	1	1	1	1	6	4	6	4	6	4	1	1	5	6
	125	05	MAY	3	6	3	6	1	1	2	6	2	3	1	1	1	1	1	1	3	9	1	1	1	1	1	1	3	6	1	1	3	1	1	1	3	1	2	3	1	1	1	1	3	1	1	1	1	1	1	1	6	4	6	3	6	3	1	1	2	6
	126	06	MAY	3	6	3	6	1	1	2	6	2	3	1	1	1	1	1	1	3	1	1	1	1	1	1	1	3	6	1	1	3	6	1	1	3	4	2	3	1	1	1	1	3	6	1	1	1	1	1	1	6	4	6	3	6	3	1	1	2	6
	127	07	MAY	3	6	3	6	1	1	2	6	2	3	1	1	1	1	1	1	3	1	1	1	1	1	1	1	3	6	1	1	8	6	1	1	3	4	2	3	1	1	1	1	8	6	1	1	1	1	1	1	6	4	6	3	6	3	1	1	3	6
	128	08	MAY	3	6	3	9	1	1	2	9	2	3	1	1	1	1	1	1	3	1	1	1	1	1	1	1	3	6	1	1	1	9	1	1	3	4	2	3	1	1	1	1	1	9	1	1	1	1	1	1	6	4	6	3	6	3	1	1	3	6
	129	09	MAY	3	6	3	9	1	1	2	6	2	3	1	1	1	1	1	1	2	1	1	1	1	1	1	1	3	6	1	1	2	7	1	1	3	4	2	3	1	1	1	1	2	7	1	1	1	1	1	1	6	3	6	3	6	3	1	1	3	6
	130	10	MAY	3	6	3	9	1	1	2	1	2	3	1	1	1	1	1	1	9	1	1	1	1	1	1	1	3	6	1	1	2	7	1	1	3	4	2	3	1	1	1	1	2	7	1	1	1	1	1	1	6	3	6	3	6	3	1	1	3	6
	131	11	MAY	7	6	3	9	1	1	7	1	2	3	1	1	1	1	1	1	7	1	1	1	1	1	1	1	3	6	1	1	2	1	1	1	3	4	2	3	1	1	1	1	2	1	1	1	1	1	1	1	6	3	6	3	6	3	1	1	7	1
	132	12	MAY	4	1	3	8	1	1	4	1	2	3	1	1	1	1	1	1	4	1	1	1	1	1	1	1	3	8	1	1	3	1	1	1	3	4	2	3	1	1	1	1	3	1	1	1	1	1	1	1	9	3	6	4	6	4	1	1	7	1
	133	13	MAY	4	9	3	9	1	1	4	9	2	3	1	1	1	1	1	1	4	1	1	1	1	1	1	1	3	9	1	1	3	9	1	1	3	4	2	3	1	1	1	1	3	9	1	1	1	1	1	1	9	3	9	4	9	4	1	1	7	1
	134	14	MAY	7	9	3	9	1	1	2	9	2	3	1	1	1	1	1	1	7	6	1	1	1	1	1	1	3	9	1	1	7	9	1	1	3	4	2	3	1	1	1	1	7	9	1	1	1	1	1	1	5	3	9	3	9	3	1	1	7	9
	135	15	MAY	7	9	3	9	1	1	7	9	2	3	1	1	1	1	1	1	7	3	1	1	1	1	1	1	3	9	1	1	2	5	1	1	3	4	2	3	1	1	1	1	2	5	1	1	1	1	1	1	5	3	9	4	5	4	1	1	7	9
	136	16	MAY	7	8	3	9	1	1	7	5	2	3	1	1	1	1	1	1	7	3	1	1	1	1	1	1	3	8	1	1	2	3	1	1	3	4	2	3	1	1	1	1	2	3	1	1	1	1	1	1	5	3	5	3	5	3	1	1	7	8
	137	17	MAY	7	1	3	6	1	1	7	1	2	3	1	1	1	1	1	1	7	6	1	1	1	1	1	1	3	1	1	1	9	3	1	1	3	4	2	3	1	1	1	1	9	3	1	1	1	1	1	1	5	3	5	4	5	4	1	1	7	1
	138	18	MAY	7	1	3	2	1	1	7	1	2	3	1	1	1	1	1	1	7	2	1	1	1	1	1	1	3	1	1	1	9	5	1	1	3	4	2	3	1	1	1	1	9	5	1	1	1	1	1	1	5	6	5	4	5	4	1	1	7	1
	139	19	MAY	7	1	3	1	1	1	7	1	2	3	1	1	1	1	1	1	7	6	1	1	1	1	1	1	3	1	1	1	7	1	1	1	3	4	2	3	1	1	1	1	7	1	1	1	1	1	1	1	5	6	5	7	5	7	1	1	7	1
	140	20	MAY	7	1	3	1	1	1	7	1	2	3	1	1	1	1	1	1	7	6	1	1	1	1	1	1	2	1	1	1	7	1	1	1	3	4	2	3	1	1	1	1	7	1	1	1	1	1	1	1	5	6	5	7	5	7	1	1	7	1
	141	21	MAY	7	1	3	1	1	1	7	1	2	3	1	1	1	1	1	1	7	4	1	1	1	1	1	1	3	1	1	1	7	1	1	1	3	4	2	3	1	1	1	1	7	1	1	1	1	1	1	1	5	4	5	7	5	7	1	1	7	1
	142	22	MAY	7	1	3	9	1	1	7	4	2	3	1	1	1	1	1	1	7	4	1	1	1	1	1	1	3	1	1	1	8	9	1	1	3	7	2	3	1	1	1	1	8	9	1	1	1	1	1	1	5	4	5	7	5	7	1	1	7	1
	143	23	MAY	7	6	3	9	1	1	7	9	2	3	1	1	1	1	1	1	5	4	1	1	1	1	1	1	3	5	1	1	9	4	1	1	3	7	2	3	1	1	1	1	9	4	1	1	1	1	1	1	5	4	5	7	5	7	1	1	7	5
	144	24	MAY	7	6	3	9	1	1	7	9	2	3	1	1	1	1	1	1	5	2	1	1	1	1	1	1	7	8	1	1	9	3	1	1	3	7	2	3	1	1	1	1	9	3	1	1	1	1	1	1	5	1	5	7	5	7	1	1	7	8
	145	25	MAY	3	6	3	9	1	1	7	9	2	3	1	1	1	1	1	1	5	2	1	1	1	1	1	1	3	9	1	1	1	9	1	1	3	7	2	3	1	1	1	1	1	9	1	1	1	1	1	1	9	7	9	7	9	7	1	1	7	6
	146	26	MAY	3	6	3	9	1	1	3	9	2	3	1	1	1	1	1	1	3	6	1	1	1	1	1	1	2	9	1	1	2	7	1	1	3	7	2	3	1	1	1	1	2	7	1	1	1	1	1	1	5	4	9	3	9	3	1	1	5	2
	147	27	MAY	3	2	3	9	1	1	5	4	2	3	1	1	1	1	1	1	3	2	1	1	1	1	1	1	1	9	1	1	1	7	1	1	3	7	2	3	1	1	1	1	1	7	1	1	1	1	1	1	9	1	9	3	9	3	1	1	5	2
	148	28	MAY	5	7	3	9	1	1	5	7	2	3	1	1	1	1	1	1	5	4	1	1	1	1	1	1	2	9	1	1	3	9	1	1	3	7	2	3	1	1	1	1	3	9	1	1	1	1	1	1	6	1	7	5	7	5	1	1	5	2
	149	29	MAY	3	6	3	6	1	1	3	7	2	3	1	1	1	1	1	1	5	4	1	1	1	1	1	1	3	6	1	1	3	7	1	1	3	7	2	3	1	1	1	1	3	7	1	1	1	1	1	1	6	4	6	3	6	5	1	1	9	4
	150	30	MAY	3	6	3	7	1	1	9	4	2	3	1	1	1	1	1	1	5	2	1	1	1	1	1	1	3	6	1	1	2	7	1	1	3	7	2	3	1	1	1	1	2	7	1	1	1	1	1	1	6	2	6	1	6	1	1	1	3	4
	151	31	MAY	3	4	3	6	1	1	2	4	2	3	1	1	1	1	1	1	3	2	1	1	1	1	1	1	9	4	1	1	2	7	1	1	6	7	2	3	1	1	1	1	2	7	1	1	1	1	1	1	6	1	6	1	6	1	1	1	3	4
	152	01	JUN	9	4	3	4	1	1	1	4	2	3	1	1	1	1	1	1	3	4	1	1	1	1	1	1	1	7	1	1	6	3	1	1	8	7	2	3	1	1	1	1	6	3	1	1	1	1	1	1	6	1	6	1	6	1	1	1	3	2
	153	02	JUN	3	2	5	2	1	1	9	7	2	3	1	1	1	1	1	1	3	2	1	1	1	1	1	1	1	2	1	1	5	3	1	1	8	7	2	3	1	1	1	1	5	3	1	1	1	1	1	1	3	8	6	5	6	5	1	1	3	4
	154	03	JUN	3	4	5	2	1	1	9	4	2	3	1	1	1	1	1	1	3	4	1	1	1	1	1	1	1	2	1	1	5	2	1	1	8	7	2	3	1	1	1	1	5	2	1	1	1	1	1	1	3	1	6	5	6	5	1	1	3	4
	155	04	JUN	5	2	5	2	1	1	5	4	2	3	1	1	1	1	1	1	5	4	1	1	1	1	1	1	1	2	1	1	6	9	1	1	8	7	2	3	1	1	1	1	6	9	1	1	1	1	1	1	3	8	6	5	6	5	1	1	3	8
	156	05	JUN	5	8	9	2	1	1	6	7	2	3	1	1	1	1	1	1	3	8	1	1	1	1	1	1	5	2	1	1	6	7	1	1	8	7	2	3	1	1	1	1	6	7	1	1	1	1	1	1	3	1	2	5	2	5	1	1	6	2
	157	06	JUN	5	8	9	2	1	1	5	7	2	3	1	1	1	1	1	1	3	4	1	1	1	1	1	1	5	2	1	1	6	7	1	1	8	7	2	3	1	1	1	1	6	7	1	1	1	1	1	1	3	7	6	9	2	9	1	1	9	8
	158	07	JUN	9	8	5	8	1	1	9	3	2	3	1	1	1	1	1	1	8	6	1	1	1	1	1	1	5	8	1	1	2	3	1	1	8	7	2	3	1	1	1	1	2	3	1	1	1	1	1	1	8	7	8	9	8	9	1	1	1	8
	159	08	JUN	9	8	5	2	1	1	9	6	2	3	1	1	1	1	1	1	9	3	1	1	1	1	1	1	5	8	1	1	7	8	1	1	8	7	2	3	1	1	1	1	7	8	1	1	1	1	1	1	8	7	8	9	8	9	1	1	4	8
	160	09	JUN	5	6	3	6	1	1	1	6	2	3	1	1	1	1	1	1	5	6	1	1	1	1	1	1	1	2	1	1	1	6	1	1	8	7	2	3	1	1	1	1	1	6	1	1	1	1	1	1	2	7	2	7	6	7	1	1	8	5
	161	10	JUN	5	6	3	6	1	1	5	6	2	3	1	1	1	1	1	1	5	6	1	1	1	1	1	1	1	2	1	1	1	6	1	1	8	7	2	3	1	1	1	1	1	6	1	1	1	1	1	1	2	7	6	7	6	7	1	1	8	5
	162	11	JUN	5	6	5	6	1	1	5	6	2	3	1	1	1	1	1	1	5	6	1	1	1	1	1	1	1	6	1	1	3	7	1	1	8	7	2	3	1	1	1	1	3	7	1	1	1	1	1	1	2	7	6	7	6	7	1	1	2	6
	163	12	JUN	5	6	5	6	1	1	5	6	2	3	1	1	1	1	1	1	5	6	1	1	1	1	1	1	1	6	1	1	8	6	1	1	8	7	2	3	1	1	1	1	8	6	1	1	1	1	1	1	2	9	6	9	6	9	1	1	2	6
	164	13	JUN	5	8	5	6	1	1	2	6	2	3	1	1	1	1	1	1	2	8	1	1	1	1	1	1	1	6	1	1	2	3	1	1	8	7	2	3	1	1	1	1	2	3	1	1	1	1	1	1	6	9	6	9	6	9	1	1	2	6
	165	14	JUN	5	8	5	8	1	1	2	3	2	3	1	1	1	1	1	1	5	8	1	1	1	1	1	1	1	8	1	1	5	3	1	1	8	7	2	3	1	1	1	1	5	3	1	1	1	1	1	1	6	9	6	9	6	9	1	1	2	8
	166	15	JUN	5	8	5	8	1	1	5	3	2	3	1	1	1	1	1	1	5	8	1	1	1	1	1	1	2	6	1	1	2	3	1	1	8	7	2	3	1	1	7	1	2	3	1	1	1	1	1	1	6	9	6	5	6	5	1	1	2	8
	167	16	JUN	5	8	5	8	1	1	2	3	2	3	1	1	1	1	1	1	5	8	1	1	1	1	1	1	1	8	1	1	6	5	1	1	8	7	2	3	1	1	7	1	6	5	1	1	1	1	1	1	3	5	6	5	6	5	1	1	1	9
	168	17	JUN	7	8	3	7	1	1	2	3	2	3	1	1	1	1	1	1	7	8	1	1	1	1	1	1	1	1	1	1	3	5	1	1	8	7	2	3	1	1	7	1	3	5	1	1	1	1	1	1	3	5	3	5	3	5	1	1	4	9
	169	18	JUN	5	8	5	4	1	1	5	3	2	3	1	1	1	1	1	1	5	8	1	1	1	1	1	1	1	4	1	1	1	9	1	1	8	7	2	3	1	1	7	1	1	9	1	1	1	1	1	1	3	5	3	5	3	5	1	1	3	9
	170	19	JUN	5	8	5	4	1	1	2	3	2	3	1	1	1	1	1	1	5	8	1	1	1	1	1	1	2	4	1	1	2	3	1	1	8	7	2	3	1	1	4	1	2	3	1	1	1	1	1	1	4	5	4	5	4	5	1	1	3	9
	171	20	JUN	5	8	5	4	1	1	2	7	2	3	1	1	1	1	1	1	4	8	1	1	1	1	1	1	5	4	1	1	6	3	1	1	8	7	2	3	1	1	4	1	6	3	1	1	1	1	1	1	4	5	4	5	4	5	1	1	4	9
	172	21	JUN	2	4	9	8	1	1	2	7	2	3	1	1	1	1	1	1	2	8	1	1	1	1	1	1	2	4	1	1	2	7	1	1	8	7	2	3	1	1	4	1	2	5	1	1	1	1	1	1	7	5	4	5	7	5	1	1	1	9
	173	22	JUN	6	4	5	4	1	1	2	7	2	3	1	1	1	1	1	1	6	7	1	1	1	1	1	1	1	4	1	1	1	7	1	1	8	7	2	3	1	1	4	1	1	8	1	1	1	1	1	1	7	5	7	2	4	2	1	1	1	5
	174	23	JUN	6	8	3	4	1	1	6	7	2	3	1	1	1	1	1	1	6	8	1	1	1	1	1	1	1	4	1	1	1	9	1	1	8	7	2	3	1	1	4	1	1	9	1	1	1	1	1	1	4	5	7	6	7	6	1	1	4	5
	175	24	JUN	6	9	3	4	1	1	2	9	2	3	1	1	1	1	1	1	6	9	1	1	1	1	1	1	1	4	1	1	8	9	1	1	8	7	2	3	1	1	4	1	8	5	1	1	1	1	1	1	4	2	4	2	4	2	1	1	4	5
	176	25	JUN	6	1	3	4	1	1	2	7	2	3	1	1	1	1	1	1	6	1	1	1	1	1	1	1	1	4	1	1	4	3	1	1	8	7	2	3	1	1	4	1	4	3	1	1	1	1	1	1	4	1	9	6	9	2	1	1	4	5
	177	26	JUN	2	5	3	4	1	1	2	5	2	3	1	1	1	1	1	1	2	5	1	1	1	1	1	1	2	4	1	1	2	5	1	1	8	7	2	3	1	1	4	1	2	5	1	1	1	1	1	1	9	1	9	3	9	3	1	1	4	5
	178	27	JUN	3	5	3	4	1	1	2	5	2	3	1	1	1	1	1	1	4	5	1	1	1	1	1	1	3	4	1	1	3	5	1	1	8	7	2	3	1	1	4	1	3	5	1	1	1	1	1	1	9	1	9	3	9	3	1	1	4	5
	179	28	JUN	3	5	3	9	1	1	3	5	2	3	1	1	1	1	1	1	3	5	1	1	1	1	1	1	1	9	1	1	8	5	1	1	8	7	2	3	1	1	4	1	8	5	1	1	1	1	1	1	9	1	9	3	9	3	1	1	4	7
	180	29	JUN	3	7	3	9	1	1	6	7	2	3	1	1	1	1	1	1	3	7	1	1	1	1	1	1	1	9	1	1	6	5	1	1	8	7	2	3	1	1	4	1	4	5	1	1	1	1	1	1	9	1	9	3	9	3	1	1	6	3
	181	30	JUN	3	7	3	9	1	1	6	7	2	3	1	1	1	1	1	1	3	7	1	1	1	1	1	1	1	9	1	1	4	3	1	1	8	7	2	3	1	1	4	1	4	3	1	1	1	1	1	1	9	5	9	3	9	6	1	1	6	7
	182	01	JUL	3	9	3	9	1	1	4	9	2	8	1	1	1	1	1	1	3	9	1	1	1	1	1	1	1	9	1	1	4	7	1	1	8	7	2	8	1	1	4	1	4	7	1	1	1	1	1	1	9	6	9	6	9	6	1	1	4	7
	183	02	JUL	3	9	3	9	1	1	3	9	2	8	1	1	1	1	1	1	3	9	1	1	1	1	1	1	2	9	1	1	2	9	1	1	8	7	2	8	1	1	4	1	2	9	1	1	1	1	1	1	4	6	9	3	9	3	1	1	4	7
	184	03	JUL	4	9	3	9	1	1	4	9	2	8	1	1	1	1	1	1	4	9	1	1	1	1	1	1	3	1	1	1	2	7	1	1	8	7	2	8	1	1	4	1	2	7	1	1	1	1	1	1	1	6	9	3	1	3	1	1	4	3
	185	04	JUL	4	1	3	1	1	1	4	9	2	8	1	1	1	1	1	1	4	9	1	1	1	1	1	1	3	1	1	1	2	9	1	1	8	7	2	8	1	1	4	1	2	6	1	1	1	1	1	1	1	6	1	3	1	3	1	1	4	1
	186	05	JUL	8	1	3	1	1	1	3	1	2	8	1	1	1	1	1	1	8	9	1	1	1	1	1	1	3	1	1	1	3	5	1	1	8	7	2	8	1	1	4	1	3	5	1	1	1	1	1	1	1	9	1	3	1	3	1	1	4	1
	187	06	JUL	3	1	3	1	1	1	3	1	2	8	1	1	1	1	1	1	3	9	1	1	1	1	1	1	3	1	1	1	8	5	1	1	8	7	2	8	1	1	4	1	8	5	1	1	1	1	1	1	1	9	1	3	1	3	1	1	5	1
	188	07	JUL	3	2	3	1	1	1	3	2	2	8	1	1	1	1	1	1	3	2	1	1	1	1	1	1	3	1	1	1	9	4	1	1	8	7	2	8	1	1	4	1	9	1	1	1	1	1	1	1	5	9	1	3	1	3	1	1	5	2
	189	08	JUL	8	2	3	2	1	1	3	2	2	8	1	1	1	1	1	1	8	2	1	1	1	1	1	1	1	2	1	1	1	4	1	1	8	7	2	8	1	1	4	1	1	4	1	1	1	1	1	1	5	3	1	3	1	3	1	1	6	2
	190	09	JUL	3	2	3	2	1	1	3	2	2	8	1	1	1	1	1	1	3	1	1	1	1	1	1	1	1	2	1	1	5	2	1	1	8	7	2	8	1	1	4	1	5	2	1	1	1	1	1	1	5	9	2	3	2	3	1	1	6	1
	191	10	JUL	7	2	3	2	1	1	3	2	2	8	1	1	1	1	1	1	7	9	1	1	1	1	1	1	3	2	1	1	8	7	1	1	8	7	2	8	1	1	4	1	8	5	1	1	1	1	1	1	5	3	2	3	2	3	1	1	6	2
	192	11	JUL	3	2	3	2	1	1	3	9	2	8	1	1	1	1	1	1	3	9	1	1	1	1	1	1	3	2	1	1	8	1	1	1	8	7	2	8	1	1	4	1	8	1	1	1	1	1	1	1	7	3	2	3	2	3	1	1	6	2
	193	12	JUL	3	2	3	2	1	1	3	9	2	8	1	1	1	1	1	1	3	1	1	1	1	1	1	1	3	2	1	1	8	9	1	1	8	7	2	8	1	1	4	1	7	1	1	1	1	1	1	1	5	3	1	3	2	3	1	1	6	2
	194	13	JUL	8	1	3	1	1	1	3	9	2	8	1	1	1	1	1	1	8	1	1	1	1	1	1	1	3	1	1	1	2	5	1	1	8	7	2	8	1	1	4	1	2	5	1	1	1	1	1	1	6	8	5	8	5	8	1	1	6	9
	195	14	JUL	3	1	3	1	1	1	7	5	2	8	1	1	1	1	1	1	3	1	1	1	1	1	1	1	2	1	1	1	2	3	1	1	8	7	2	8	1	1	4	1	2	3	1	1	1	1	1	1	5	8	5	8	5	8	1	1	6	3
	196	15	JUL	4	5	3	1	1	1	7	5	2	8	1	1	1	1	1	1	4	5	1	1	1	1	1	1	1	1	1	1	2	4	1	1	8	7	2	8	1	1	4	1	2	8	1	1	1	1	1	1	1	8	1	8	1	8	1	1	1	3
	197	16	JUL	7	2	3	1	1	1	7	5	2	8	1	1	1	1	1	1	7	2	1	1	1	1	1	1	2	1	1	1	2	4	1	1	8	7	2	8	1	1	4	1	2	3	1	1	1	1	1	1	1	8	1	8	1	8	1	1	1	3
	198	17	JUL	7	2	3	1	1	1	7	5	2	8	1	1	1	1	1	1	7	2	1	1	1	1	1	1	3	1	1	1	2	4	1	1	8	7	2	8	1	1	4	2	2	5	1	1	1	1	1	1	1	8	1	8	1	7	1	1	1	8
	199	18	JUL	7	1	3	1	1	1	7	5	2	8	1	1	1	1	1	1	1	5	1	1	1	1	1	1	3	1	1	1	2	6	1	1	8	7	2	8	1	1	4	2	2	6	1	1	1	1	1	1	1	7	1	7	1	7	1	1	6	2
	200	19	JUL	7	2	3	1	1	1	7	5	2	8	1	1	1	1	1	1	1	2	1	1	1	1	1	1	3	1	1	1	7	5	1	1	8	7	2	8	1	1	4	2	7	5	1	1	1	1	1	1	1	7	1	7	1	7	1	1	1	2
	201	20	JUL	7	2	3	2	1	1	7	2	2	8	1	1	1	1	1	1	7	2	1	1	1	1	1	1	3	2	1	1	6	2	1	1	8	7	2	8	1	1	4	2	6	2	1	1	1	1	1	1	1	3	2	7	1	7	1	1	1	2
	202	21	JUL	7	2	4	2	1	1	7	2	2	8	1	1	1	1	1	1	7	2	1	1	1	1	1	1	3	2	1	1	1	2	1	1	8	7	2	8	1	1	4	2	1	2	1	1	1	1	1	1	1	7	2	7	2	7	1	1	1	2
	203	22	JUL	7	2	4	2	1	1	1	2	2	8	1	1	1	1	1	1	7	2	1	1	1	1	1	1	1	2	1	1	1	3	1	1	2	7	2	8	1	1	4	2	1	3	1	1	1	1	1	1	1	7	2	7	2	7	1	1	1	6
	204	23	JUL	4	2	4	2	1	1	1	2	2	8	1	1	1	1	1	1	4	2	1	1	1	1	1	1	1	2	1	1	6	7	1	1	2	7	2	8	1	1	4	2	6	7	1	1	1	1	1	1	1	5	2	4	2	4	1	1	1	6
	205	24	JUL	4	2	4	2	1	1	4	2	2	8	1	1	1	1	1	1	4	5	1	1	1	1	1	1	3	2	1	1	8	1	1	1	2	7	2	8	1	1	1	2	8	6	1	1	1	1	1	1	2	5	2	4	2	4	1	1	9	7
	206	25	JUL	9	2	4	2	1	1	9	5	2	8	1	1	1	1	1	1	9	5	1	1	1	1	1	1	4	2	1	1	6	7	1	1	2	7	2	8	1	1	3	2	9	8	1	1	1	1	1	1	9	5	2	4	2	4	1	1	9	7
	207	26	JUL	9	5	4	2	1	1	9	5	2	8	1	1	1	1	1	1	9	5	1	1	1	1	1	1	1	2	1	1	2	3	1	1	2	7	2	8	1	1	4	2	1	8	1	1	1	1	1	1	9	7	2	7	2	4	1	1	9	7
	208	27	JUL	9	5	9	2	1	1	9	5	2	8	1	1	1	1	1	1	9	5	1	1	1	1	1	1	1	2	1	1	2	3	1	1	2	7	2	8	1	1	4	2	2	5	1	1	1	1	1	1	9	1	2	1	2	1	1	1	9	7
	209	28	JUL	4	5	4	7	1	1	9	5	2	8	1	1	1	1	1	1	4	5	1	1	1	1	1	1	1	1	1	1	2	5	1	1	2	7	2	8	1	1	1	2	2	5	1	1	1	1	1	1	9	1	3	1	3	1	1	1	9	7
	210	29	JUL	4	1	4	7	1	1	9	1	2	8	1	1	1	1	1	1	4	1	1	1	1	1	1	1	1	1	1	1	2	7	1	1	2	7	2	8	1	1	1	2	2	7	1	1	1	1	1	1	9	8	3	7	3	7	1	1	9	7
	211	30	JUL	9	8	4	5	1	1	6	3	2	8	1	1	1	1	1	1	9	8	1	1	1	1	1	1	1	5	1	1	2	3	1	1	2	7	2	8	1	1	1	2	2	3	1	1	1	1	1	1	9	1	3	7	3	7	1	1	9	7
	212	31	JUL	7	8	4	8	1	1	7	3	2	8	1	1	1	1	1	1	7	8	1	1	1	1	1	1	1	2	1	1	6	3	1	1	2	7	2	8	1	1	1	2	6	5	1	1	1	1	1	1	6	1	5	7	5	7	1	1	9	7
	213	01	AUG	7	5	7	5	1	1	7	5	2	3	1	1	1	1	1	1	7	2	1	1	1	1	1	1	7	5	1	1	7	5	1	1	2	7	2	3	1	1	1	2	7	5	1	1	1	1	1	1	4	1	5	7	5	7	1	1	9	5
	214	02	AUG	7	2	3	2	1	1	7	5	2	3	1	1	1	1	1	1	9	2	1	1	1	1	1	1	1	5	1	1	4	5	1	1	2	7	2	3	1	1	1	2	4	5	1	1	1	1	1	1	5	7	5	7	5	7	1	1	9	2
	215	03	AUG	7	5	4	5	1	1	7	3	2	3	1	1	1	1	1	1	7	8	1	1	1	1	1	1	1	5	1	1	7	8	1	1	2	7	2	3	1	1	1	2	7	8	1	1	1	1	1	1	5	2	5	7	5	7	1	1	9	3
	216	04	AUG	9	2	3	2	1	1	6	2	2	3	1	1	1	1	1	1	9	2	1	1	1	1	1	1	1	2	1	1	8	1	1	1	2	7	2	3	1	1	1	2	8	1	1	1	1	1	1	1	5	3	5	3	5	3	1	1	9	3
	217	05	AUG	3	2	3	2	1	1	9	2	2	3	1	1	1	1	1	1	3	2	1	1	1	1	1	1	1	2	1	1	5	7	1	1	2	7	2	3	1	1	1	2	5	7	1	1	1	1	1	1	5	3	5	3	5	3	1	1	9	3
	218	06	AUG	1	2	3	2	1	1	1	5	2	3	1	1	1	1	1	1	1	5	1	1	1	1	1	1	1	2	1	1	8	5	1	1	2	7	2	3	1	1	1	2	8	5	1	1	1	1	1	1	5	3	5	3	5	3	1	1	9	3
	219	07	AUG	4	2	4	2	1	1	6	5	2	3	1	1	1	1	1	1	4	5	1	1	1	1	1	1	1	2	1	1	9	5	1	1	2	7	2	3	1	1	1	2	9	5	1	1	1	1	1	1	2	6	2	6	2	6	1	1	9	3
	220	08	AUG	4	2	4	2	1	1	1	5	2	3	1	1	1	1	1	1	4	5	1	1	1	1	1	1	1	2	1	1	6	7	1	1	2	7	2	3	1	1	1	2	6	5	1	1	1	1	1	1	2	1	2	1	2	1	1	1	9	2
	221	09	AUG	4	2	4	2	1	1	1	5	2	3	1	1	1	1	1	1	4	5	1	1	1	1	1	1	1	2	1	1	1	7	1	1	2	4	2	3	1	1	1	2	1	5	1	1	1	1	1	1	2	1	2	1	2	1	1	1	9	2
	222	10	AUG	4	2	4	2	1	1	4	9	2	3	1	1	1	1	1	1	4	8	1	1	1	1	1	1	1	2	1	1	4	9	1	1	2	4	2	3	1	1	1	2	4	9	1	1	1	1	1	1	2	8	2	1	2	4	1	1	1	8
	223	11	AUG	1	2	3	2	1	1	1	3	2	3	1	1	1	1	1	1	1	8	1	1	1	1	1	1	1	2	1	1	8	3	1	1	2	4	2	3	1	1	1	2	7	3	1	1	1	1	1	1	7	1	2	1	2	1	1	1	2	4
	224	12	AUG	4	8	3	8	1	1	4	3	2	3	1	1	1	1	1	1	4	8	1	1	1	1	1	1	1	1	1	1	2	3	1	1	2	4	2	3	1	1	1	2	2	3	1	1	1	1	1	1	5	4	8	4	8	4	1	1	2	4
	225	13	AUG	4	8	3	8	1	1	7	3	2	3	1	1	1	1	1	1	4	8	1	1	1	1	1	1	1	1	1	1	5	3	1	1	2	4	2	3	1	1	1	2	5	3	1	1	1	1	1	1	5	4	5	4	5	4	1	1	2	4
	226	14	AUG	1	8	4	8	1	1	1	3	2	3	1	1	1	1	1	1	1	8	1	1	1	1	1	1	1	6	1	1	7	8	1	1	2	4	2	3	1	1	1	2	7	8	1	1	1	1	1	1	5	1	5	1	5	1	1	1	5	4
	227	15	AUG	4	6	4	8	1	1	4	6	2	3	1	1	1	1	1	1	4	2	1	1	1	1	1	1	3	6	1	1	4	8	1	1	2	4	2	3	1	1	1	2	4	8	1	1	1	1	1	1	5	7	5	4	5	4	1	1	3	6
	228	16	AUG	4	6	3	6	1	1	1	5	2	3	1	1	1	1	1	1	4	7	1	1	1	1	1	1	1	6	1	1	4	5	1	1	2	4	2	3	1	1	1	2	4	5	1	1	1	1	1	1	5	7	5	4	5	4	1	1	1	6
	229	17	AUG	1	6	3	5	1	1	1	5	2	3	1	1	1	1	1	1	1	9	1	1	1	1	1	1	1	6	1	1	1	5	1	1	2	4	2	3	1	1	1	2	1	5	1	1	1	1	1	1	5	3	5	3	5	1	1	1	1	6
	230	18	AUG	1	6	3	6	1	1	1	6	2	3	1	1	1	1	1	1	1	6	1	1	1	1	1	1	1	6	1	1	8	5	1	1	2	4	2	3	1	1	1	2	8	5	1	1	1	1	1	1	5	3	5	3	5	3	1	1	1	6
	231	19	AUG	1	9	3	5	1	1	1	9	2	3	1	1	1	1	1	1	1	9	1	1	1	1	1	1	1	5	1	1	8	9	1	1	2	4	2	3	1	1	1	2	8	5	1	1	1	1	1	1	5	3	5	3	5	1	1	1	5	8
	232	20	AUG	1	9	3	5	1	1	1	9	2	3	1	1	1	1	1	1	1	9	1	1	1	1	1	1	1	5	1	1	1	5	1	1	2	4	2	3	1	1	1	2	1	5	1	1	1	1	1	1	5	3	5	1	5	1	1	1	1	9
	233	21	AUG	1	5	3	5	1	1	1	5	2	3	1	1	1	1	1	1	1	6	1	1	1	1	1	1	1	5	1	1	1	5	1	1	2	4	2	3	1	1	1	2	1	5	1	1	1	1	1	1	5	3	5	3	5	3	1	1	1	5
	234	22	AUG	1	6	3	9	1	1	1	5	2	3	1	1	1	1	1	1	1	6	1	1	1	1	1	1	3	5	1	1	1	5	1	1	2	4	2	3	1	1	1	2	1	5	1	1	1	1	1	1	5	3	5	3	5	3	1	1	1	6
	235	23	AUG	3	2	3	7	1	1	1	9	2	3	1	1	1	1	1	1	1	6	1	1	1	1	1	1	3	7	1	1	2	3	1	1	2	4	2	3	1	1	1	2	2	8	1	1	1	1	1	1	2	3	2	3	2	3	1	1	3	6
	236	24	AUG	3	7	3	7	1	1	1	7	2	3	1	1	1	1	1	1	1	9	1	1	1	1	1	1	3	7	1	1	5	9	1	1	2	4	2	3	1	1	1	2	4	9	1	1	1	1	1	1	1	3	2	3	2	3	1	1	1	7
	237	25	AUG	5	7	3	6	1	1	5	9	2	3	1	1	1	1	1	1	5	6	1	1	1	1	1	1	3	7	1	1	5	6	1	1	6	4	2	3	1	1	1	2	5	6	1	1	1	1	1	1	1	3	2	3	2	3	1	1	1	2
	238	26	AUG	3	2	3	2	1	1	1	4	2	3	1	1	1	1	1	1	3	2	1	1	1	1	1	1	1	7	1	1	3	2	1	1	6	4	2	3	1	1	1	2	3	2	1	1	1	1	1	1	2	4	2	3	2	3	1	1	1	8
	239	27	AUG	1	2	5	9	1	1	1	4	2	3	1	1	1	1	1	1	9	4	1	1	1	1	1	1	5	9	1	1	6	5	1	1	6	4	2	3	1	1	1	2	7	5	1	1	1	1	1	1	9	4	2	6	2	6	1	1	1	4
	240	28	AUG	6	2	6	2	1	1	6	4	2	3	1	1	1	1	1	1	9	5	1	1	1	1	1	1	5	2	1	1	2	4	1	1	6	4	2	3	1	1	1	2	2	4	1	1	1	1	1	1	2	5	2	5	2	5	1	1	3	8
	241	29	AUG	1	8	5	2	1	1	1	3	2	3	1	1	1	1	1	1	8	5	1	1	1	1	1	1	5	8	1	1	2	3	1	1	6	4	2	3	1	1	1	2	2	3	1	1	1	1	1	1	2	5	8	5	8	5	1	1	1	8
	242	30	AUG	1	8	1	2	1	1	1	3	2	3	1	1	1	1	1	1	8	3	1	1	1	1	1	1	3	8	1	1	8	5	1	1	6	4	2	3	1	1	1	2	1	5	1	1	1	1	1	1	6	5	8	5	8	5	1	1	1	8
	243	31	AUG	5	2	4	2	1	1	6	2	2	3	1	1	1	1	1	1	8	3	1	1	1	1	1	1	5	2	1	1	4	8	1	1	6	4	2	3	1	1	1	2	4	8	1	1	1	1	1	1	1	3	2	5	2	5	1	1	9	2
	244	01	SEP	4	8	4	2	1	1	1	3	2	5	1	1	1	1	1	1	9	3	1	1	1	1	1	1	4	8	1	1	4	8	1	1	6	4	2	5	1	1	1	2	4	8	1	1	1	1	1	1	1	4	8	4	8	4	1	1	1	8
	245	02	SEP	4	8	4	8	1	1	1	3	2	5	1	1	1	1	1	1	4	3	1	1	1	1	1	1	1	8	1	1	1	8	1	1	2	4	2	5	1	1	1	2	1	8	1	1	1	1	1	1	8	5	8	5	8	5	1	1	9	3
	246	03	SEP	4	8	5	8	1	1	1	3	2	5	1	1	1	1	1	1	4	3	1	1	1	1	1	1	1	8	1	1	5	9	1	1	2	4	2	5	1	1	1	2	5	9	1	1	1	1	1	1	8	3	8	5	8	5	1	1	9	3
	247	04	SEP	5	8	6	8	1	1	1	3	2	5	1	1	1	1	1	1	8	3	1	1	1	1	1	1	6	8	1	1	6	4	1	1	2	4	2	5	1	1	1	2	6	4	1	1	1	1	1	1	8	3	8	5	8	5	1	1	5	8
	248	05	SEP	1	8	1	2	1	1	1	4	2	5	1	1	1	1	1	1	8	3	1	1	1	1	1	1	1	8	1	1	1	4	1	1	2	4	2	5	1	1	1	2	1	4	1	1	1	1	1	1	8	3	8	5	8	5	1	1	5	8
	249	06	SEP	4	8	9	2	1	1	1	3	2	5	1	1	1	1	1	1	5	3	1	1	1	1	1	1	9	8	1	1	2	3	1	1	2	4	2	5	1	1	1	2	2	6	1	1	1	1	1	1	8	3	8	3	8	3	1	1	4	8
	250	07	SEP	4	8	9	8	1	1	2	6	2	5	1	1	1	1	1	1	5	3	1	1	1	1	1	1	9	8	1	1	2	6	1	1	2	4	2	5	1	1	1	2	9	6	1	1	1	1	1	1	8	3	8	9	8	9	1	1	5	3
	251	08	SEP	4	8	4	8	1	1	4	6	2	5	1	1	1	1	1	1	4	6	1	1	1	1	1	1	4	8	1	1	4	6	1	1	6	4	2	5	1	1	1	2	4	6	1	1	1	1	1	1	5	3	8	9	8	9	1	1	5	3
	252	09	SEP	4	8	4	8	1	1	4	3	2	5	1	1	1	1	1	1	4	6	1	1	1	1	1	1	1	8	1	1	4	3	1	1	6	4	2	5	1	1	1	2	4	3	1	1	1	1	1	1	8	9	8	4	8	4	1	1	5	9
	253	10	SEP	4	8	4	8	1	1	4	3	2	5	1	1	1	1	1	1	4	3	1	1	1	1	1	1	4	8	1	1	1	3	1	1	6	4	2	5	1	1	1	2	1	3	1	1	1	1	1	1	8	6	8	9	8	9	1	1	5	8
	254	11	SEP	4	8	9	7	1	1	4	7	2	5	1	1	1	1	1	1	4	7	1	1	1	1	1	1	4	8	1	1	4	3	1	1	6	4	2	5	1	1	1	2	4	3	1	1	1	1	1	1	5	9	8	9	8	9	1	1	4	7
	255	12	SEP	9	7	9	2	1	1	9	7	2	5	1	1	1	1	1	1	5	1	1	1	1	1	1	1	9	2	1	1	9	5	1	1	6	4	2	5	1	1	1	2	9	5	1	1	1	1	1	1	5	1	8	9	8	9	1	1	4	2
	256	13	SEP	9	2	9	7	1	1	9	2	2	5	1	1	1	1	1	1	8	1	1	1	1	1	1	1	9	2	1	1	3	4	1	1	6	4	2	5	1	1	1	2	3	6	1	1	1	1	1	1	8	7	2	4	8	9	1	1	4	2
	257	14	SEP	4	2	9	2	1	1	4	5	2	5	1	1	1	1	1	1	4	1	1	1	1	1	1	1	4	2	1	1	6	5	1	1	6	4	2	5	1	1	1	2	6	5	1	1	1	1	1	1	8	1	2	9	5	9	1	1	4	2
	258	15	SEP	4	2	9	5	1	1	4	5	2	5	1	1	1	1	1	1	4	1	1	1	1	1	1	1	4	5	1	1	6	5	1	1	6	4	2	5	1	1	1	2	6	5	1	1	1	1	1	1	8	6	8	9	8	9	1	1	4	2
	259	16	SEP	6	2	9	2	1	1	6	1	2	5	1	1	1	1	1	1	6	1	1	1	1	1	1	1	4	2	1	1	6	9	1	1	6	4	2	5	1	1	1	2	6	9	1	1	1	1	1	1	8	6	8	6	8	6	1	1	4	2
	260	17	SEP	6	1	9	2	1	1	6	1	2	5	1	1	1	1	1	1	6	1	1	1	1	1	1	1	6	2	1	1	6	5	1	1	6	4	2	5	1	1	1	2	6	5	1	1	1	1	1	1	8	6	8	6	8	6	1	1	4	1
	261	18	SEP	6	2	6	7	1	1	6	2	2	5	1	1	1	1	1	1	3	1	1	1	1	1	1	1	6	3	1	1	6	1	1	1	2	4	2	5	1	1	1	2	6	1	1	1	1	1	1	1	8	1	8	6	8	6	1	1	4	2
	262	19	SEP	6	1	9	7	1	1	6	1	2	5	1	1	1	1	1	1	4	1	1	1	1	1	1	1	9	8	1	1	2	5	1	1	2	4	2	5	1	1	1	2	7	5	1	1	1	1	1	1	8	1	8	6	8	6	1	1	6	1
	263	20	SEP	6	1	9	7	1	1	2	1	2	5	1	1	1	1	1	1	3	1	1	1	1	1	1	1	6	8	1	1	8	6	1	1	6	4	2	5	1	1	3	2	9	6	1	1	1	1	1	1	3	1	8	6	8	6	1	1	6	1
	264	21	SEP	6	7	6	7	1	1	6	7	2	5	1	1	1	1	1	1	3	9	1	1	1	1	1	1	6	3	1	1	6	4	1	1	6	4	2	5	1	1	3	2	6	4	1	1	1	1	1	1	3	2	3	6	3	6	1	1	6	7
	265	22	SEP	6	7	6	7	1	1	6	7	2	5	1	1	1	1	1	1	6	9	1	1	1	1	1	1	6	3	1	1	6	3	1	1	6	4	2	5	1	1	3	2	6	3	1	1	1	1	1	1	3	2	3	6	3	6	1	1	3	7
	266	23	SEP	6	7	2	3	1	1	6	7	2	5	1	1	1	1	1	1	3	7	1	1	1	1	1	1	6	3	1	1	2	3	1	1	6	4	2	5	1	1	3	2	2	3	1	1	1	1	1	1	3	2	3	6	3	6	1	1	4	7
	267	24	SEP	6	1	6	9	1	1	2	9	2	5	1	1	1	1	1	1	3	7	1	1	1	1	1	1	6	1	1	1	2	4	1	1	6	4	2	5	1	1	3	2	2	4	1	1	1	1	1	1	3	6	3	6	3	6	1	1	5	7
	268	25	SEP	5	1	5	4	1	1	2	4	2	5	1	1	1	1	1	1	3	7	1	1	1	1	1	1	7	1	1	1	2	4	1	1	6	4	2	5	1	1	3	2	2	4	1	1	1	1	1	1	3	7	3	7	3	7	1	1	5	1
	269	26	SEP	5	1	5	9	1	1	2	1	2	5	1	1	1	1	1	1	4	7	1	1	1	1	1	1	5	1	1	1	2	5	1	1	6	4	2	5	1	1	3	2	9	5	1	1	1	1	1	1	3	7	3	7	3	7	1	1	5	1
	270	27	SEP	9	6	5	4	1	1	2	6	2	5	1	1	1	1	1	1	1	7	1	1	1	1	1	1	5	6	1	1	8	5	1	1	6	4	2	5	1	1	3	1	9	5	1	1	1	1	1	1	3	7	3	7	3	7	1	1	9	6
	271	28	SEP	4	6	5	2	1	1	4	5	2	5	1	1	1	1	1	1	1	5	1	1	1	1	1	1	7	6	1	1	2	5	1	1	6	4	2	5	1	1	3	1	3	5	1	1	1	1	1	1	3	7	6	7	3	7	1	1	4	6
	272	29	SEP	4	6	7	2	1	1	4	6	2	5	1	1	1	1	1	1	2	5	1	1	1	1	1	1	5	2	1	1	9	6	1	1	6	4	2	5	1	1	3	1	9	6	1	1	1	1	1	1	3	5	3	4	3	7	1	1	4	2
	273	30	SEP	4	6	4	2	1	1	1	6	2	5	1	1	1	1	1	1	2	6	1	1	1	1	1	1	5	2	1	1	1	6	1	1	6	4	2	5	1	1	3	1	4	6	1	1	1	1	1	1	1	7	2	4	6	4	1	1	1	2
	274	01	OCT	3	6	3	7	1	1	1	6	2	3	1	1	1	1	1	1	2	7	1	1	1	1	1	1	3	2	1	1	5	6	1	1	6	4	2	3	1	1	3	1	5	6	1	1	1	1	1	1	2	7	6	3	6	3	1	1	1	6
	275	02	OCT	3	6	3	9	1	1	4	6	2	3	1	1	1	1	1	1	2	7	1	1	1	1	1	1	3	2	1	1	6	5	1	1	6	4	2	3	1	1	3	1	4	5	1	1	1	1	1	1	2	7	6	3	6	3	1	1	3	6
	276	03	OCT	5	6	3	9	1	1	4	6	2	3	1	1	1	1	1	1	2	7	1	1	1	1	1	1	5	2	1	1	2	5	1	1	6	4	2	3	1	1	3	1	9	5	1	1	1	1	1	1	1	7	6	3	1	3	1	1	3	6
	277	04	OCT	5	6	3	9	1	1	7	6	2	3	1	1	1	1	1	1	1	7	1	1	1	1	1	1	5	6	1	1	4	3	1	1	6	4	2	3	1	1	3	1	4	8	1	1	1	1	1	1	1	3	1	3	1	3	1	1	5	6
	278	05	OCT	5	6	3	9	1	1	7	6	2	3	1	1	1	1	1	1	4	7	1	1	1	1	1	1	7	1	1	1	1	4	1	1	6	4	2	3	1	1	3	1	1	4	1	1	1	1	1	1	1	3	1	3	1	3	1	1	5	1
	279	06	OCT	3	1	3	9	1	1	7	1	2	3	1	1	1	1	1	1	4	7	1	1	1	1	1	1	3	1	1	1	3	6	1	1	6	4	2	3	1	1	3	1	3	6	1	1	1	1	1	1	1	3	1	3	1	3	1	1	3	1
	280	07	OCT	3	1	3	9	1	1	3	6	2	3	1	1	1	1	1	1	8	6	1	1	1	1	1	1	3	1	1	1	3	4	1	1	6	4	2	3	1	1	3	1	3	4	1	1	1	1	1	1	1	3	1	3	1	3	1	1	3	1
	281	08	OCT	3	1	3	4	1	1	3	1	2	3	1	1	1	1	1	1	4	6	1	1	1	1	1	1	3	1	1	1	8	4	1	1	6	4	2	3	1	1	3	1	8	6	1	1	1	1	1	1	1	3	1	3	1	3	1	1	3	1
	282	09	OCT	3	1	3	4	1	1	3	1	2	3	1	1	1	1	1	1	4	3	1	1	1	1	1	1	3	1	1	1	3	4	1	1	6	4	2	3	1	1	3	1	3	4	1	1	1	1	1	1	1	3	1	3	1	3	1	1	3	1
	283	10	OCT	3	4	3	4	1	1	2	1	2	3	1	1	1	1	1	1	4	3	1	1	1	1	1	1	3	4	1	1	2	5	1	1	6	4	2	3	1	1	3	1	2	5	1	1	1	1	1	1	1	3	1	3	1	3	1	1	5	1
	284	11	OCT	5	1	3	4	1	1	5	1	2	3	1	1	1	1	1	1	4	2	1	1	1	1	1	1	5	4	1	1	6	4	1	1	6	4	2	3	1	1	3	1	3	5	1	1	1	1	1	1	1	3	1	5	1	5	1	1	5	9
	285	12	OCT	5	4	5	4	1	1	5	4	2	3	1	1	1	1	1	1	4	5	1	1	1	1	1	1	5	4	1	1	5	4	1	1	6	9	2	3	1	1	3	1	5	6	1	1	1	1	1	1	1	3	1	5	1	5	1	1	5	8
	286	13	OCT	5	1	5	9	1	1	6	4	2	3	1	1	1	1	1	1	1	5	1	1	1	1	1	1	5	1	1	1	6	4	1	1	6	9	2	3	1	1	3	1	6	4	1	1	1	1	1	1	1	3	1	5	1	5	1	1	5	8
	287	14	OCT	5	1	5	9	1	1	6	1	2	3	1	1	1	1	1	1	1	5	1	1	1	1	1	1	5	1	1	1	6	4	1	1	6	9	2	3	1	1	3	1	6	4	1	1	1	1	1	1	1	7	1	5	1	5	1	1	5	8
	288	15	OCT	5	1	5	9	1	1	5	9	2	3	1	1	1	1	1	1	1	5	1	1	1	1	1	1	5	1	1	1	5	4	1	1	6	9	2	3	1	1	3	1	5	4	1	1	1	1	1	1	1	5	1	5	1	5	1	1	3	8
	289	16	OCT	5	1	3	9	1	1	3	1	2	3	1	1	1	1	1	1	1	5	1	1	1	1	1	1	5	1	1	1	2	3	1	1	6	9	2	3	1	1	3	1	2	1	1	1	1	1	1	1	1	5	1	5	1	5	1	1	3	8
	290	17	OCT	3	9	3	9	1	1	3	9	2	3	1	1	1	1	1	1	6	5	1	1	1	1	1	1	5	1	1	1	5	6	1	1	6	9	2	3	1	1	3	1	3	6	1	1	1	1	1	1	1	7	1	3	1	3	1	1	5	8
	291	18	OCT	3	9	3	9	1	1	3	9	2	3	1	1	1	1	1	1	1	5	1	1	1	1	1	1	5	9	1	1	6	5	1	1	6	9	2	3	1	1	3	1	7	5	1	1	1	1	1	1	1	7	9	3	1	3	1	1	3	2
	292	19	OCT	5	1	3	9	1	1	3	9	2	3	1	1	1	1	1	1	1	2	1	1	1	1	1	1	5	1	1	1	8	5	1	1	6	9	2	3	1	1	3	1	3	5	1	1	1	1	1	1	1	7	1	3	1	3	1	1	5	2
	293	20	OCT	3	2	5	9	1	1	3	9	2	3	1	1	1	1	1	1	1	2	1	1	1	1	1	1	5	1	1	1	9	7	1	1	6	9	2	3	1	1	3	1	9	2	1	1	1	1	1	1	1	7	1	7	1	3	1	1	3	9
	294	21	OCT	3	9	3	9	1	1	3	9	2	3	1	1	1	1	1	1	8	2	1	1	1	1	1	1	5	1	1	1	7	5	1	1	6	9	2	3	1	1	3	1	7	5	1	1	1	1	1	1	6	2	6	3	1	3	1	1	5	2
	295	22	OCT	5	9	5	9	1	1	5	9	2	3	1	1	1	1	1	1	8	2	1	1	1	1	1	1	5	9	1	1	1	6	1	1	6	9	2	3	1	1	3	1	4	6	1	1	1	1	1	1	8	2	6	3	9	3	1	1	5	9
	296	23	OCT	5	9	3	9	1	1	5	9	2	3	1	1	1	1	1	1	8	4	1	1	1	1	1	1	5	9	1	1	8	4	1	1	6	9	2	3	1	1	3	1	8	6	1	1	1	1	1	1	5	2	9	4	9	3	1	1	5	9
	297	24	OCT	5	2	3	9	1	1	5	9	2	3	1	1	1	1	1	1	8	3	1	1	1	1	1	1	5	9	1	1	8	3	1	1	6	9	2	3	1	1	3	1	4	5	1	1	1	1	1	1	5	2	9	3	9	3	1	1	5	6
	298	25	OCT	4	9	3	9	1	1	4	9	2	3	1	1	1	1	1	1	5	3	1	1	1	1	1	1	4	9	1	1	2	7	1	1	6	9	2	3	1	1	3	1	3	1	1	1	1	1	1	1	5	2	9	3	9	3	1	1	4	2
	299	26	OCT	3	2	3	9	1	1	3	9	2	3	1	1	1	1	1	1	9	4	1	1	1	1	1	1	3	2	1	1	2	3	1	1	6	9	2	3	1	1	3	1	2	6	1	1	1	1	1	1	9	3	9	3	9	3	1	1	3	2
	300	27	OCT	3	2	3	9	1	1	3	9	2	3	1	1	1	1	1	1	9	4	1	1	1	1	1	1	3	9	1	1	6	9	1	1	6	9	2	3	1	1	3	1	6	5	1	1	1	1	1	1	9	2	9	3	9	3	1	1	3	2
	301	28	OCT	3	2	3	9	1	1	3	6	2	3	1	1	1	1	1	1	5	4	1	1	1	1	1	1	3	2	1	1	3	4	1	1	6	9	2	3	1	1	3	1	3	5	1	1	1	1	1	1	8	6	9	3	9	3	1	1	3	2
	302	29	OCT	3	6	3	9	1	1	3	6	2	3	1	1	1	1	1	1	5	4	1	1	1	1	1	1	3	6	1	1	3	6	1	1	6	9	2	3	1	1	3	1	3	6	1	1	1	1	1	1	9	3	9	3	9	3	1	1	3	2
	303	30	OCT	3	9	3	9	1	1	4	9	2	3	1	1	1	1	1	1	5	1	1	1	1	1	1	1	3	9	1	1	2	5	1	1	6	9	2	3	1	1	3	1	7	5	1	1	1	1	1	1	9	3	9	3	9	3	1	1	3	2
	304	31	OCT	4	9	3	9	1	1	4	9	2	3	1	1	1	1	1	1	2	1	1	1	1	1	1	1	4	9	1	1	2	9	1	1	6	9	2	3	1	1	3	1	2	5	1	1	1	1	1	1	9	6	9	4	9	4	1	1	4	2
	305	01	NOV	4	8	3	9	1	1	4	7	8	5	1	1	1	1	1	1	5	1	1	1	1	1	1	1	4	9	1	1	2	3	1	1	6	9	8	5	1	1	3	1	2	1	1	1	1	1	1	1	9	6	8	4	9	4	1	1	4	2
	306	02	NOV	4	8	3	9	1	1	4	3	8	5	1	1	1	1	1	1	5	1	1	1	1	1	1	1	4	5	1	1	2	3	1	1	6	9	8	5	1	1	3	1	7	3	1	1	1	1	1	1	5	6	8	4	8	4	1	1	4	2
	307	03	NOV	4	8	6	9	1	1	4	3	8	5	1	1	1	1	1	1	5	6	1	1	1	1	1	1	4	8	1	1	9	7	1	1	2	9	8	5	1	1	3	1	9	7	1	1	1	1	1	1	8	6	8	4	8	4	1	1	4	2
	308	04	NOV	4	8	4	9	1	1	4	3	8	5	1	1	1	1	1	1	2	6	1	1	1	1	1	1	6	3	1	1	6	5	1	1	2	9	8	5	1	1	3	1	6	5	1	1	1	1	1	1	2	6	8	6	8	6	1	1	4	7
	309	05	NOV	1	8	3	9	1	1	1	5	8	5	1	1	1	1	1	1	3	8	1	1	1	1	1	1	1	3	1	1	5	7	1	1	2	9	8	5	1	1	3	1	5	7	1	1	1	1	1	1	3	4	8	4	8	4	1	1	1	7
	310	06	NOV	5	2	3	9	1	1	1	6	8	5	1	1	1	1	1	1	3	8	1	1	1	1	1	1	4	2	1	1	1	4	1	1	2	9	8	5	1	1	3	1	1	8	1	1	1	1	1	1	3	4	2	4	2	4	1	1	1	7
	311	07	NOV	4	9	3	9	1	1	2	6	8	5	1	1	1	1	1	1	3	1	1	1	1	1	1	1	4	2	1	1	2	9	1	1	8	9	8	5	1	1	3	1	2	5	1	1	1	1	1	1	3	4	9	4	9	4	1	1	3	7
	312	08	NOV	4	9	3	9	1	1	2	6	8	5	1	1	1	1	1	1	3	1	1	1	1	1	1	1	4	9	1	1	2	5	1	1	8	9	8	5	1	1	3	1	2	5	1	1	1	1	1	1	3	4	9	4	9	4	1	1	4	6
	313	09	NOV	4	9	3	9	1	1	1	6	8	5	1	1	1	1	1	1	3	4	1	1	1	1	1	1	4	9	1	1	8	5	1	1	8	9	8	5	1	1	3	1	3	5	1	1	1	1	1	1	3	4	9	4	9	4	1	1	4	6
	314	10	NOV	4	5	3	9	1	1	2	5	8	5	1	1	1	1	1	1	3	4	1	1	1	1	1	1	4	5	1	1	2	4	1	1	8	9	8	5	1	1	3	1	3	4	1	1	1	1	1	1	3	4	5	4	9	4	1	1	4	6
	315	11	NOV	3	2	3	9	1	1	9	5	8	5	1	1	1	1	1	1	3	4	1	1	1	1	1	1	4	6	1	1	9	5	1	1	8	9	8	5	1	1	3	1	9	5	1	1	1	1	1	1	3	4	5	4	5	4	1	1	4	7
	316	12	NOV	3	2	3	9	1	1	9	5	8	5	1	1	1	1	1	1	2	5	1	1	1	1	1	1	3	2	1	1	1	4	1	1	8	9	8	5	1	1	3	1	9	5	1	1	1	1	1	1	3	7	1	7	1	7	1	1	4	7
	317	13	NOV	3	5	3	9	1	1	3	5	8	5	1	1	1	1	1	1	6	4	1	1	1	1	1	1	7	2	1	1	2	5	1	1	8	9	8	5	1	1	3	1	2	5	1	1	1	1	1	1	6	7	2	7	9	3	1	1	9	7
	318	14	NOV	3	5	3	9	1	1	3	5	8	5	1	1	1	1	1	1	6	4	1	1	1	1	1	1	3	9	1	1	6	5	1	1	8	9	8	5	1	1	3	1	3	5	1	1	1	1	1	1	6	4	9	3	9	3	1	1	6	4
	319	15	NOV	3	2	3	2	1	1	3	5	8	5	1	1	1	1	1	1	6	4	1	1	1	1	1	1	3	2	1	1	8	9	1	1	8	9	8	5	1	1	3	1	8	1	1	1	1	1	1	1	6	4	2	3	2	3	1	1	3	5
	320	16	NOV	3	2	3	7	1	1	3	5	8	5	1	1	1	1	1	1	1	4	1	1	1	1	1	1	3	2	1	1	8	1	1	1	8	4	8	5	1	1	3	1	8	1	1	1	1	1	1	1	1	2	2	3	2	3	1	1	3	5
	321	17	NOV	3	2	3	9	1	1	6	5	8	5	1	1	1	1	1	1	1	4	1	1	1	1	1	1	4	1	1	1	9	4	1	1	8	4	8	5	1	1	3	1	9	7	1	1	1	1	1	1	1	3	5	3	5	3	1	1	3	5
	322	18	NOV	4	1	3	9	1	1	2	5	8	5	1	1	1	1	1	1	1	2	1	1	1	1	1	1	4	1	1	1	2	4	1	1	8	9	8	5	1	1	3	1	2	5	1	1	1	1	1	1	1	6	1	6	9	6	1	1	4	8
	323	19	NOV	7	9	3	9	1	1	7	9	8	5	1	1	1	1	1	1	1	8	1	1	1	1	1	1	7	9	1	1	2	5	1	1	8	9	8	5	1	1	3	1	2	5	1	1	1	1	1	1	9	5	9	7	9	7	1	1	3	8
	324	20	NOV	7	8	3	9	1	1	7	5	8	5	1	1	1	1	1	1	1	2	1	1	1	1	1	1	7	9	1	1	8	9	1	1	8	4	8	5	1	1	3	1	8	5	1	1	1	1	1	1	9	5	9	7	9	7	1	1	3	2
	325	21	NOV	7	5	3	2	1	1	7	5	8	5	1	1	1	1	1	1	1	2	1	1	1	1	1	1	7	5	1	1	2	4	1	1	8	4	8	5	1	1	3	1	2	1	1	1	1	1	1	1	3	5	9	7	9	7	1	1	7	5
	326	22	NOV	7	8	1	9	1	1	7	5	8	5	1	1	1	1	1	1	1	2	1	1	1	1	1	1	7	9	1	1	6	9	1	1	8	4	8	5	1	1	3	1	6	1	1	1	1	1	1	1	8	2	8	7	8	7	1	1	7	2
	327	23	NOV	7	8	1	9	1	1	7	3	8	5	1	1	1	1	1	1	3	2	1	1	1	1	1	1	7	8	1	1	2	4	1	1	8	4	8	5	1	1	3	1	2	5	1	1	1	1	1	1	8	2	8	7	8	7	1	1	7	8
	328	24	NOV	7	8	3	9	1	1	7	9	8	5	1	1	1	1	1	1	3	2	1	1	1	1	1	1	7	9	1	1	9	3	1	1	8	4	8	5	1	1	3	1	9	7	1	1	1	1	1	1	3	7	8	7	8	7	1	1	7	8
	329	25	NOV	7	8	3	9	1	1	7	5	8	5	1	1	1	1	1	1	3	7	1	1	1	1	1	1	7	3	1	1	7	4	1	1	8	4	8	5	1	1	3	1	7	4	1	1	1	1	1	1	4	7	8	7	8	7	1	1	7	8
	330	26	NOV	7	8	3	9	1	1	2	5	8	5	1	1	1	1	1	1	3	1	1	1	1	1	1	1	7	8	1	1	2	5	1	1	8	4	8	5	1	1	3	1	2	5	1	1	1	1	1	1	4	1	8	7	8	7	1	1	7	1
	331	27	NOV	4	2	1	6	1	1	4	6	8	5	1	1	1	1	1	1	3	1	1	1	1	1	1	1	7	2	1	1	2	9	1	1	8	4	8	5	1	1	3	1	2	7	1	1	1	1	1	1	8	7	8	7	8	7	1	1	6	1
	332	28	NOV	4	2	5	2	1	1	9	2	8	5	1	1	1	1	1	1	2	1	1	1	1	1	1	2	4	2	1	1	8	7	1	1	8	4	8	5	1	1	3	1	9	7	1	1	1	1	1	1	8	7	8	3	8	5	1	1	6	7
	333	29	NOV	5	2	1	6	1	1	4	2	8	5	1	1	1	1	1	1	8	1	1	1	1	1	1	1	4	2	1	1	4	5	1	1	8	4	8	5	1	1	3	1	4	5	1	1	1	1	1	1	8	1	8	5	8	4	1	1	4	1
	334	30	NOV	4	2	3	2	1	1	4	2	8	5	1	1	1	1	1	1	8	7	1	1	1	1	1	1	4	2	1	1	5	7	1	1	8	4	8	5	1	1	3	1	5	7	1	1	1	1	1	1	8	3	8	4	8	4	1	1	4	7
	335	01	DEC	4	2	3	2	1	1	4	2	8	5	1	1	1	1	1	1	8	1	1	1	1	1	1	2	4	2	1	1	9	2	1	1	8	4	8	5	1	1	3	1	9	2	1	1	1	1	1	1	8	3	8	4	8	4	1	1	4	3
	336	02	DEC	4	8	3	2	1	1	4	3	8	5	1	1	1	1	1	1	8	1	1	1	1	1	1	1	4	8	1	1	2	3	1	1	8	4	8	5	1	1	3	1	2	3	1	1	1	1	1	1	2	3	8	4	8	5	1	1	4	3
	337	03	DEC	5	8	3	7	1	1	5	1	8	5	1	1	1	1	1	1	8	1	1	1	1	1	1	1	5	8	1	1	8	3	1	1	8	4	8	5	1	1	3	1	8	5	1	1	1	1	1	1	8	3	8	5	8	5	1	1	5	3
	338	04	DEC	5	8	3	7	1	1	4	7	8	5	1	1	1	1	1	1	2	1	1	1	1	1	1	1	5	8	1	1	2	1	1	1	8	4	8	5	1	1	3	1	9	1	1	1	1	1	1	1	8	3	8	5	8	5	1	1	5	3
	339	05	DEC	5	1	3	8	1	1	4	1	8	5	1	1	1	1	1	1	8	1	1	1	1	1	2	8	5	8	1	1	9	6	1	1	8	4	8	5	1	1	3	1	9	6	1	1	1	1	1	1	8	3	8	5	8	5	1	1	4	3
	340	06	DEC	5	1	3	1	1	1	5	1	8	5	1	1	1	1	1	1	2	3	1	1	1	1	2	1	5	6	1	1	8	1	1	1	8	4	8	5	1	1	3	1	9	1	1	1	1	1	1	1	7	3	1	5	1	5	1	1	7	3
	341	07	DEC	5	1	3	2	1	1	5	1	8	5	1	1	1	1	1	1	2	3	1	1	1	1	1	1	4	1	1	1	2	4	1	1	8	4	8	5	1	1	3	1	2	4	1	1	1	1	1	1	8	3	1	4	1	5	1	1	5	3
	342	08	DEC	5	6	3	9	1	1	5	1	8	5	1	1	1	1	1	1	7	1	1	1	1	1	1	1	5	7	1	1	8	5	1	1	8	4	8	5	1	1	3	1	8	5	1	1	1	1	1	1	7	3	8	5	8	5	1	1	5	3
	343	09	DEC	5	7	3	9	1	1	3	7	8	5	1	1	1	1	1	1	2	3	1	1	1	1	1	1	3	7	1	1	1	4	1	1	8	4	8	5	1	1	3	1	1	4	1	1	1	1	1	1	2	3	2	3	2	5	1	1	2	3
	344	10	DEC	4	7	3	8	1	1	2	7	8	5	1	1	1	1	1	1	2	3	1	1	1	1	1	8	4	7	1	1	8	4	1	1	8	4	8	5	1	1	3	1	8	4	1	1	1	1	1	1	2	3	7	3	2	4	1	1	2	3
	345	11	DEC	4	8	3	8	1	1	6	1	8	5	1	1	1	1	1	1	5	3	1	1	1	1	1	8	4	8	1	1	2	4	1	1	8	4	8	5	1	1	3	1	3	1	1	1	1	1	1	1	5	3	8	4	8	4	1	1	5	3
	346	12	DEC	6	8	1	8	1	1	6	3	8	5	1	1	1	1	1	1	5	3	1	1	1	1	1	8	6	3	1	1	9	8	1	1	8	4	8	5	1	1	3	1	9	8	1	1	1	1	1	1	5	3	8	4	8	4	1	1	5	8
	347	13	DEC	5	8	1	8	1	1	6	3	8	5	1	1	1	1	1	1	5	3	1	1	1	1	1	8	4	1	1	1	1	3	1	1	8	4	8	5	1	1	3	1	9	5	1	1	1	1	1	1	5	1	8	4	8	4	1	1	5	8
	348	14	DEC	4	8	1	8	1	1	4	3	8	5	1	1	1	1	1	1	5	4	1	1	1	1	1	8	4	3	1	1	2	3	1	1	8	4	8	5	1	1	4	1	2	1	1	1	1	1	1	1	5	4	8	4	8	4	1	1	5	8
	349	15	DEC	4	8	1	8	1	1	4	3	8	5	1	1	1	1	1	1	5	4	1	1	1	1	1	8	4	8	1	1	2	3	1	1	8	4	8	5	1	1	4	1	2	1	1	1	1	1	1	1	5	1	8	4	8	4	1	1	4	9
	350	16	DEC	4	8	1	8	1	1	4	9	8	5	1	1	1	1	1	1	9	4	1	1	1	1	1	8	4	8	1	1	2	9	1	1	8	4	8	5	1	1	4	1	2	9	1	1	1	1	1	1	6	1	8	4	8	4	1	1	4	1
	351	17	DEC	4	8	1	2	1	1	4	3	8	5	1	1	1	1	1	1	9	4	1	1	1	1	1	1	4	9	1	1	9	4	1	1	8	4	8	5	1	1	4	1	9	5	1	1	1	1	1	1	6	1	9	4	9	4	1	1	4	1
	352	18	DEC	4	2	1	2	1	1	1	2	8	5	1	1	1	1	1	1	9	4	1	1	1	1	1	2	4	9	1	1	1	2	1	1	8	4	8	5	1	1	4	1	1	2	1	1	1	1	1	1	6	4	2	4	2	4	1	1	4	7
	353	19	DEC	5	8	5	2	1	1	5	3	8	5	1	1	1	1	1	1	9	4	1	1	1	1	1	8	5	3	1	1	7	9	1	1	8	4	8	5	1	1	4	1	7	8	1	1	1	1	1	1	6	4	6	4	2	4	1	1	6	8
	354	20	DEC	4	8	1	2	1	1	1	3	8	5	1	1	1	1	1	1	3	4	1	1	1	1	1	3	4	9	1	1	2	3	1	1	8	4	8	5	1	1	4	1	2	3	1	1	1	1	1	1	3	8	3	4	3	4	1	1	3	8
	355	21	DEC	1	9	5	2	1	1	1	9	8	5	1	1	1	1	1	1	3	8	1	1	1	1	1	9	5	9	1	1	8	9	1	1	8	4	8	5	1	1	4	1	8	9	1	1	1	1	1	1	1	8	9	4	9	4	1	1	3	8
	356	22	DEC	5	9	3	2	1	1	5	7	8	5	1	1	1	1	1	1	3	8	1	1	1	1	1	2	5	9	1	1	3	5	1	1	8	4	8	5	1	1	4	1	3	5	1	1	1	1	1	1	1	8	9	5	9	5	1	1	1	8
	357	23	DEC	5	9	3	2	1	1	6	9	8	5	1	1	1	1	1	1	3	6	1	1	1	1	1	2	5	9	1	1	2	5	1	1	8	4	8	5	1	1	4	1	2	5	1	1	1	1	1	1	1	8	9	5	9	5	1	1	3	5
	358	24	DEC	3	2	3	2	1	1	5	9	8	5	1	1	1	1	1	1	3	6	1	1	1	1	1	2	3	2	1	1	3	4	1	1	3	4	3	5	1	1	3	1	3	5	1	1	1	1	1	1	1	5	3	5	3	5	1	1	3	5
	359	25	DEC	3	2	3	2	1	1	1	9	8	5	1	1	1	1	1	1	3	6	1	1	1	1	1	2	3	2	1	1	3	5	1	1	3	4	3	5	1	1	3	1	3	5	1	1	1	1	1	1	1	5	3	5	3	5	1	1	3	5
	360	26	DEC	3	2	3	2	1	1	1	9	8	5	1	1	1	1	1	1	3	6	1	1	1	1	1	2	3	2	1	1	3	2	1	1	3	4	3	5	1	1	3	1	3	2	1	1	1	1	1	1	1	4	3	5	3	5	1	1	3	5
	361	27	DEC	3	2	3	2	1	1	1	9	8	5	1	1	1	1	1	1	3	4	1	1	1	1	1	2	3	8	1	1	3	6	1	1	3	4	3	5	1	1	3	1	3	6	1	1	1	1	1	1	2	4	3	4	3	5	1	1	3	8
	362	28	DEC	3	8	3	2	1	1	1	9	8	5	1	1	1	1	1	1	3	4	1	1	1	1	1	2	3	2	1	1	3	6	1	1	3	4	3	5	1	1	3	1	3	6	1	1	1	1	1	1	1	4	3	4	3	5	1	1	3	8
	363	29	DEC	3	8	3	6	1	1	2	9	8	5	1	1	1	1	1	1	3	4	1	1	1	1	1	1	3	8	1	1	2	4	1	1	3	4	3	5	1	1	3	1	2	4	1	1	1	1	1	1	2	4	3	4	3	4	1	1	3	8
	364	30	DEC	3	8	3	2	1	1	1	9	8	5	1	1	1	1	1	1	3	4	1	1	1	1	1	2	3	2	1	1	3	4	1	1	3	4	3	5	1	1	3	1	3	4	1	1	1	1	1	1	2	4	3	4	3	4	1	1	3	8
