13349
13349
13349
13349
13349
13349
13349
13349
13349
13349
13349
13349
13349
13349
13349
13349
13349
13349
13349
13349
13349
13349
13349
13349
13349
13349
13349
13349
13349
13349
13349
24240
24240
24240
24240
24240
24240
24240
24240
24240
24240
24240
24240
24240
24240
24240
24240
24240
24240
24240
24240
24240
24240
24240
24240
24240
24239
24239
24239
34334
34334
34334
34334
34334
34334
34334
34333
34333
34333
34333
34333
34333
34333
34333
34333
34333
34333
34333
34333
34333
34333
34333
34333
34333
34333
34333
34333
34333
34333
34333
19291
19291
19291
19291
19291
19291
19291
19291
19291
19291
19291
19291
19291
19291
19291
19291
19290
19290
19290
19290
19290
19290
19290
19290
19290
19290
19290
19290
19290
19290
11180
11180
11180
11180
11180
11180
11180
11180
11179
11179
11179
11179
11179
11179
11179
11179
11179
11179
11179
11179
11179
11179
11179
11179
11179
11179
11179
11179
11179
11179
11179
5426
5426
5426
5426
5426
5426
5426
5426
5426
5426
5426
5426
5426
5426
5426
5426
5426
5426
5426
5426
5426
5426
5426
5426
5426
5426
5426
5426
5426
5426
2486
2486
2486
2486
2486
2486
2486
2486
2486
2486
2486
2486
2486
2486
2486
2486
2486
2486
2486
2486
2486
2486
2486
2486
2486
2485
2485
2485
2485
2485
2485
792
792
792
792
792
792
792
792
792
792
792
792
792
792
792
792
792
792
792
792
792
792
792
791
791
791
791
791
791
791
791
1658
1658
1658
1658
1658
1658
1658
1657
1657
1657
1657
1657
1657
1657
1657
1657
1657
1657
1657
1657
1657
1657
1657
1657
1657
1657
1657
1657
1657
1657
4093
4093
4093
4093
4093
4093
4093
4093
4093
4093
4093
4093
4093
4093
4092
4092
4092
4092
4092
4092
4092
4092
4092
4092
4092
4092
4092
4092
4092
4092
4092
11431
11431
11431
11431
11431
11431
11431
11431
11431
11431
11431
11431
11431
11431
11431
11431
11431
11431
11431
11431
11431
11431
11431
11430
11430
11430
11430
11430
11430
11430
27288
27288
27288
27288
27288
27288
27288
27288
27288
27288
27288
27288
27288
27288
27288
27288
27288
27288
27288
27288
27288
27288
27288
27288
27288
27288
27288
27287
27287
27287
27287
