5993
5794
5753
6020
6397
7095
7326
7383
7407
7450
7426
7392
7273
7122
7142
7519
7804
7724
7356
6884
6910
6790
6772
6705
6642
6431
6373
6594
6914
7571
7746
7717
7673
7653
7536
7467
7326
7150
7140
7522
7830
7742
7381
6961
6982
6859
6845
6785
6731
6526
6474
6701
7024
7684
7871
7849
7811
7794
7680
7609
7462
7284
7270
7652
7958
7871
7509
7091
7111
6985
6975
6917
6869
6666
6618
6844
7166
7820
8005
7982
7936
7907
7782
7705
7550
7365
7348
7724
8030
7934
7574
7159
7177
7049
7036
6976
6926
6718
6663
6885
7201
7851
8029
8003
7954
7922
7794
7715
7560
7369
7362
7746
8061
7950
7598
7188
7212
7088
6953
6874
6774
6619
6505
6554
6696
6924
7181
7164
7147
7101
7130
6972
6920
6760
6742
7032
7211
7201
6953
6865
7005
6968
6725
6688
6581
6412
6264
6243
6270
6365
6487
6762
6824
6859
6910
6752
6421
6170
6267
6562
6851
6958
6924
6738
6738
6673
6519
6512
6472
6278
6242
6516
6894
7568
7782
7804
7774
7755
7679
7590
7409
7190
7192
7558
7841
7711
7379
6934
6965
6841
6825
6760
6700
6486
6428
6650
6972
7630
7809
7786
7741
7714
7591
7513
7362
7173
7143
7503
7790
7650
7331
6937
6948
6814
6791
6721
6651
6430
6361
6575
6888
7547
7731
7720
7691
7685
7578
7519
7386
7219
7192
7555
7841
7721
7393
6989
7000
6870
6848
6779
6711
6489
6418
6631
6939
7592
7769
7752
7717
7705
7595
7531
7396
7225
7200
7564
7852
7749
7412
7000
7019
6890
6872
6805
6741
6519
6450
6661
6971
7625
7803
7790
7763
7756
7653
7596
7465
7301
7275
7639
7928
7827
7481
7065
7081
6953
6807
6710
6584
6402
6259
6282
6402
6621
6854
6827
6815
6793
6851
6716
6693
6562
6534
6813
6972
6954
6711
6621
6758
6725
6477
6431
6306
6124
5964
5931
5952
6059
6187
6486
6585
6669
6763
6650
6366
6168
6259
6546
6818
6935
6893
6693
6684
6613
6455
6438
6383
6173
6119
6377
6739
7421
7646
7701
7724
7765
7742
7709
7588
7436
7441
7804
8083
7983
7618
7147
7170
7044
7026
6959
6895
6673
6598
6807
7111
7752
7916
7878
7831
7811
7698
7630
7488
7312
7294
7670
7974
7863
7510
7097
7119
6996
6986
6929
6876
6670
6615
6839
7159
7811
7995
7973
7931
7909
7789
7711
7558
7371
7338
7698
7988
7886
7536
7119
7136
7005
6984
6917
6849
6625
6551
6756
7058
7701
7871
7841
7801
7789
7683
7624
7491
7326
7300
7665
7957
7823
7478
7071
7087
6958
6941
6879
6818
6601
6537
6750
7061
7714
7892
7874
7837
7821
7710
7645
7506
7335
7311
7681
7975
7859
7515
7103
7121
6995
6854
6763
6646
6472
6342
6375
6502
6724
6961
6930
6911
6874
6917
6766
6725
6575
6553
6834
6999
6976
6735
6647
6787
6759
6513
6468
6347
6170
6017
5990
6016
6125
6255
6553
6646
6720
6807
6683
6392
6181
6269
6556
6828
6937
6896
6700
6691
6622
6462
6443
6388
6179
6126
6386
6750
7431
7652
7698
7708
7736
7703
7661
7533
7368
7376
7742
8025
7912
7554
7088
7115
6993
6976
6913
6851
6635
6570
6785
7097
7749
7920
7892
7849
7830
7715
7646
7505
7328
7303
7671
7967
7852
7505
7091
7107
6981
6965
6900
6839
6621
6556
6770
7081
7728
7896
7861
7808
7780
7659
7581
7427
7239
7202
7558
7839
7717
7376
6965
6981
6851
6828
6755
6680
6452
6377
6582
6888
7536
7698
7665
7622
7611
7508
7450
7321
7159
7122
7478
7754
7604
7272
6872
6882
6752
6729
6655
6580
6353
6283
6493
6804
7464
7632
7605
7568
7561
7460
7402
7272
7109
7075
7434
7709
7571
7239
6834
6845
6718
6564
6460
6321
6132
5988
6012
6136
6366
6597
6570
6564
6553
6623
6496
6483
6363
6357
6656
6829
6790
6558
6475
6615
6597
6358
6320
6207
6044
5911
5904
5952
6077
6215
6516
6599
6656
6722
6578
6264
6033
6129
6427
6707
6866
6818
6609
6613
6554
6399
6383
6332
6130
6088
6357
6732
7417
7636
7674
7676
7697
7655
7602
7462
7287
7289
7652
7926
7827
7461
6989
7016
6893
6872
6799
6728
6501
6430
6637
6945
7590
7742
7685
7626
7604
7489
7416
7269
7089
7050
7407
7683
7537
7198
6793
6804
6674
6650
6570
6488
6259
6187
6393
6707
7361
7513
7460
7403
7389
7282
7209
7067
6893
6882
7269
7567
7407
7087
6693
6696
6558
6513
6418
6321
6077
5992
6194
6502
7157
7298
7239
7178
7164
7063
6994
6860
6694
6664
7034
7306
7137
6828
6436
6452
6333
6308
6232
6150
5933
5879
6104
6442
7129
7312
7302
7279
7283
7191
7133
7012
6856
6844
7225
7512
7396
7073
6663
6678
6564
6414
6315
6184
6014
5893
5937
6088
6345
6606
6611
6627
6627
6701
6578
6572
6464
6448
6739
6899
6921
6666
6560
6695
6666
6414
6361
6232
6047
5892
5860
5889
5999
6122
6412
6509
6592
6690
6574
6294
6099
6209
6517
6805
6954
6889
6677
6678
6621
6469
6460
6417
6225
6195
6472
6856
7546
7776
7820
7824
7844
7797
7744
7602
7426
7436
7809
8095
8019
7639
7159
7188
7065
7048
6983
6923
6707
6642
6858
7172
7815
7973
7918
7851
7813
7685
7602
7446
7256
7219
7581
7864
7732
7379
6971
6983
6852
6829
6752
6680
6455
6388
6597
6910
7563
7725
7679
7625
7606
7499
7426
7284
7108
7085
7457
7748
7578
7252
6859
6872
6746
6728
6661
6597
6389
6339
6568
6900
7577
7772
7766
7741
7732
7625
7561
7427
7262
7238
7604
7889
7768
7434
7026
7036
6903
6876
6805
6735
6515
6447
6663
6978
7639
7818
7803
7772
7765
7660
7599
7467
7302
7292
7673
7974
7864
7519
7108
7126
7005
6862
6774
6660
6495
6373
6417
6557
6793
7048
7036
7027
6995
7040
6894
6856
6714
6691
6975
7142
7143
6894
6799
6935
6900
6651
6605
6482
6303
6146
6116
6142
6243
6366
6650
6731
6794
6872
6739
6438
6218
6320
6619
6904
7014
6972
6777
6775
6710
6556
6546
6503
6308
6274
6550
6929
7620
7858
7917
7931
7954
7912
7862
7722
7549
7574
7957
8259
8163
7801
7335
7365
7245
7235
7184
7142
6941
6895
7128
7452
8105
8291
8265
8215
8171
8030
7940
7770
7567
7533
7896
8192
8105
7748
7327
7345
7211
7191
7125
7061
6838
6762
6968
7267
7893
8037
7963
7878
7823
7680
7577
7399
7184
7142
7495
7776
7616
7292
6902
6917
6789
6765
6694
6621
6399
6333
6546
6862
7523
7698
7673
7632
7619
7513
7450
7316
7147
7125
7495
7783
7611
7302
6914
6926
6797
6776
6710
6647
6434
6379
6606
6934
7602
7791
7784
7749
7728
7609
7533
7386
7203
7176
7541
7823
7720
7393
6984
7000
6872
6721
6619
6487
6303
6160
6188
6315
6534
6750
6697
6660
6613
6650
6488
6440
6282
6239
6507
6646
6609
6389
6311
6447
6414
6156
6091
5944
5745
5577
5537
5561
5676
5791
6078
6173
6266
6373
6264
5992
5806
5893
6179
6433
6507
6496
6314
6298
6233
6063
6033
5962
5750
5698
5960
6337
7037
7255
7302
7317
7357
7335
7294
7170
7013
7009
7365
7618
7512
7173
6708
6729
6604
6571
6486
6394
6156
6074
6277
6585
7242
7391
7345
7301
7301
7207
7150
7027
6873
6848
7219
7499
7371
7039
6632
6647
6526
6503
6427
6348
6126
6064
6283
6608
7284
7465
7451
7433
7444
7356
7303
7186
7036
7016
7391
7676
7577
7235
6818
6831
6707
6686
6612
6540
6320
6255
6471
6789
7457
7636
7622
7599
7602
7509
7457
7337
7184
7176
7561
7863
7784
7424
6999
7020
6902
6889
6829
6773
6567
6516
6743
7068
7738
7934
7936
7918
7916
7813
7758
7632
7474
7458
7835
8137
8077
7698
7262
7282
7156
7012
6920
6803
6629
6495
6523
6647
6866
7108
7085
7081
7060
7116
6986
6965
6840
6820
7105
7279
7273
6999
6896
7033
6999
6752
6710
6596
6420
6266
6234
6255
6357
6493
6793
6893
6969
7061
6949
6667
6468
6566
6859
7144
7256
7192
6991
6979
6906
6750
6739
6696
6497
6454
6718
7082
7758
7987
8033
8039
8052
8003
7951
7807
7628
7638
8006
8299
8183
7813
7348
7372
7245
7228
7170
7115
6900
6839
7054
7366
8010
8190
8162
8116
8087
7963
7889
7739
7554
7523
7888
8187
8053
7703
7297
7310
7173
7156
7092
7034
6817
6749
6961
7269
7918
8105
8094
8067
8054
7944
7885
7749
7577
7551
7913
8208
8072
7729
7324
7334
7197
7177
7116
7060
6842
6775
6989
7293
7943
8132
8126
8098
8084
7973
7914
7780
7611
7592
7963
8271
8152
7806
7395
7411
7280
7267
7214
7164
6957
6896
7116
7427
8077
8270
8266
8239
8220
8099
8032
7888
7708
7687
8058
8366
8272
7916
7496
7516
7383
7246
7164
7058
6888
6752
6785
6904
7116
7368
7356
7352
7317
7361
7218
7181
7036
7016
7301
7482
7472
7215
7121
7259
7225
6985
6954
6851
6681
6529
6502
6520
6611
6745
7042
7126
7176
7238
7101
6786
6553
6645
6934
7225
7347
7296
7097
7095
7024
6873
6869
6832
6635
6586
6851
7212
7875
8097
8137
8128
8126
8061
7995
7831
7630
7638
8005
8301
8184
7830
7368
7402
7279
7269
7217
7170
6961
6900
7121
7433
8067
8236
8193
8125
8070
7918
7818
7638
7419
7386
7749
8050
7919
7587
7183
7204
7075
7063
7003
6945
6729
6663
6879
7188
7831
8002
7971
7916
7879
7749
7664
7500
7298
7255
7602
7882
7735
7412
7013
7026
6890
6869
6796
6721
6488
6407
6609
6910
7547
7697
7643
7578
7547
7423
7340
7184
6991
6962
7330
7619
7457
7149
6758
6779
6660
6647
6584
6520
6308
6255
6481
6807
7481
7673
7674
7652
7643
7536
7471
7334
7159
7126
7486
7765
7657
7331
6917
6931
6804
6655
6554
6420
6229
6082
6104
6224
6440
6652
6601
6570
6531
6575
6420
6375
6223
6201
6491
6655
6631
6403
6315
6464
6447
6208
6164
6043
5870
5728
5712
5755
5887
6039
6369
6493
6591
6695
6590
6318
6128
6225
6519
6796
6939
6889
6676
6667
6604
6447
6431
6377
6168
6114
6373
6738
7412
7625
7661
7665
7687
7643
7595
7455
7280
7290
7665
7951
7878
7501
7019
7054
6940
6930
6872
6813
6598
6537
6752
7067
7707
7854
7791
7712
7665
7522
7427
7257
7050
7019
7389
7680
7565
7214
6799
6824
6705
6691
6623
6557
6342
6280
6498
6818
7482
7667
7656
7633
7639
7547
7500
7381
7228
7209
7584
7879
7746
7397
6983
6995
6870
6858
6796
6738
6527
6469
6690
7008
7671
7866
7871
7857
7858
7758
7709
7588
7433
7423
7806
8116
8029
7659
7228
7248
7126
7121
7067
7020
6815
6759
6982
7297
7945
8132
8115
8077
8047
7922
7847
7694
7505
7475
7838
8136
8058
7679
7246
7267
7137
6996
6904
6784
6601
6455
6476
6586
6789
7006
6955
6926
6884
6928
6780
6741
6592
6557
6832
6993
6934
6681
6597
6731
6697
6452
6404
6280
6099
5944
5911
5935
6036
6153
6430
6503
6562
6639
6505
6201
5979
6060
6342
6608
6667
6640
6455
6443
6373
6209
6185
6123
5910
5858
6118
6488
7177
7395
7437
7445
7471
7436
7391
7259
7092
7092
7452
7722
7573
7233
6780
6801
6676
6652
6581
6509
6283
6215
6432
6749
7407
7574
7541
7492
7472
7355
7283
7140
6959
6937
7310
7600
7467
7136
6729
6749
6627
6612
6546
6482
6268
6212
6438
6763
7431
7611
7588
7549
7527
7409
7328
7178
6992
6978
7361
7664
7557
7218
6804
6828
6710
6701
6641
6585
6379
6331
6560
6890
7565
7770
7784
7776
7777
7677
7625
7503
7345
7335
7719
8027
7953
7585
7154
7172
7047
7036
6978
6926
6716
6653
6872
7184
7823
7989
7948
7885
7839
7698
7604
7433
7224
7205
7590
7904
7823
7455
7027
7060
6943
6810
6725
6618
6454
6331
6372
6507
6725
6961
6921
6888
6832
6860
6697
6641
6475
6440
6716
6875
6840
6594
6503
6640
6606
6355
6303
6173
5988
5827
5793
5814
5919
6039
6324
6412
6485
6574
6454
6166
5954
6043
6331
6604
6666
6635
6447
6433
6363
6201
6180
6122
5910
5861
6124
6495
7184
7409
7458
7468
7499
7462
7419
7289
7119
7129
7501
7784
7652
7302
6841
6865
6742
6720
6653
6590
6372
6308
6527
6845
7501
7684
7670
7646
7642
7537
7478
7351
7187
7181
7550
7845
7728
7377
6958
6969
6839
6818
6750
6684
6461
6388
6598
6906
7547
7719
7693
7659
7646
7537
7472
7335
7160
7144
7522
7827
7712
7362
6943
6964
6840
6829
6770
6715
6503
6445
6667
6984
7640
7817
7787
7739
7703
7573
7488
7328
7132
7089
7452
7742
7633
7284
6868
6884
6752
6731
6659
6584
6353
6278
6482
6785
7419
7567
7515
7455
7433
7316
7242
7095
6914
6888
7257
7544
7386
7053
6653
6669
6544
6399
6301
6171
5995
5865
5901
6039
6273
6520
6512
6520
6513
6586
6461
6448
6328
6320
6608
6773
6725
6493
6406
6537
6505
6393
6348
6219
6030
5866
5840
5869
5972
6128
6476
6626
6718
6810
6683
6400
6181
6270
6567
6859
7026
6949
6701
6693
6623
6468
6443
6369
6126
6031
6262
6596
7217
7433
7516
7612
7728
7775
7804
7753
7652
7738
8147
8490
8356
7936
7424
7444
7327
7335
7293
7251
7036
6961
7176
7478
8097
8311
8356
8411
8455
8390
8374
8292
8160
8204
8569
8897
8825
8376
7889
7886
7738
7725
7660
7588
7328
7198
7356
7596
8127
8228
8133
8072
8040
7927
7852
7708
7510
7478
7903
8285
8111
7710
7279
7314
7214
7245
7225
7215
7039
7016
7269
7612
8291
8481
8426
8314
8173
7937
7744
7472
7143
6969
7381
7742
7630
7293
6876
6924
6820
6838
6799
6763
6572
6543
6791
7137
7824
8039
8043
8006
7947
7789
7670
7479
7237
7152
7590
7974
7820
7492
7082
7119
7020
6921
6875
6810
6687
6612
6707
6896
7197
7502
7508
7464
7331
7267
7006
6859
6582
6422
6710
6903
6938
6695
6582
6729
6696
6452
6397
6256
6045
5860
5808
5814
5883
5935
6124
6115
6102
6124
5923
5565
5286
5311
5585
5836
5808
5820
5664
5664
5612
5457
5431
5362
5154
5122
5400
5805
6531
6729
6724
6667
6639
6557
6455
6276
6064
6034
6376
6596
6362
6089
5677
5705
5595
5565
5481
5388
5169
5125
5365
5725
6443
6647
6664
6664
6674
6578
6509
6383
6215
6195
6592
6894
6743
6457
6054
6080
5988
5992
5940
5890
5706
5692
5964
6351
7101
7348
7393
7391
7355
7203
7074
6888
6651
6567
6969
7294
7313
6958
6493
6526
6422
6421
6353
6279
6053
5980
6197
6522
7174
7331
7287
7247
7238
7130
7053
6913
6725
6693
7079
7390
7300
6924
6479
6501
6390
6385
6314
6238
6009
5940
6150
6467
7104
7270
7253
7251
7280
7211
7168
7067
6917
6928
7337
7677
7544
7170
6729
6743
6636
6510
6431
6320
6153
6033
6080
6226
6458
6743
6786
6856
6886
6984
6875
6889
6776
6786
7092
7301
7317
7012
6862
6983
6945
6704
6656
6525
6318
6125
6069
6061
6101
6218
6522
6666
6787
6920
6831
6592
6417
6564
6926
7307
7413
7302
7061
7054
7006
6889
6917
6911
6738
6715
7008
7397
8091
8396
8537
8629
8673
8633
8581
8450
8256
8262
8703
9115
9105
8657
8119
8142
8022
8043
8023
8010
7809
7742
7963
8261
8869
9077
9078
9057
9003
8845
8741
8574
8347
8300
8677
9046
8967
8532
8064
8061
7906
7902
7848
7790
7535
7410
7571
7809
8340
8440
8326
8222
8156
8008
7896
7715
7476
7397
7808
8193
7934
7601
7215
7237
7123
7149
7132
7121
6943
6923
7180
7527
8218
8341
8150
7854
7537
7152
6817
6443
6068
5893
6236
6487
6276
6030
5695
5741
5637
5632
5568
5509
5318
5313
5585
5981
6760
6976
6950
6844
6746
6560
6418
6223
6013
5965
6300
6519
6269
6025
5684
5691
5562
5397
5279
5128
4948
4829
4882
5053
5353
5622
5633
5636
5603
5651
5502
5471
5345
5329
5579
5668
5585
5408
5354
5482
5453
5183
5110
4952
4756
4596
4568
4613
4752
4889
5221
5358
5469
5588
5488
5222
5044
5164
5438
5664
5767
5759
5565
5554
5498
5337
5304
5228
5011
4958
5219
5603
6303
6497
6517
6516
6550
6527
6488
6371
6225
6259
6612
6849
6746
6399
5934
5968
5866
5852
5781
5710
5496
5447
5677
6022
6711
6888
6860
6827
6807
6691
6611
6471
6298
6279
6650
6928
6839
6491
6067
6088
5984
5974
5906
5836
5623
5572
5800
6140
6818
7032
7065
7103
7144
7077
7032
6928
6776
6777
7181
7517
7467
7088
6625
6635
6522
6517
6454
6386
6159
6085
6293
6599
7225
7347
7246
7148
7094
6958
6856
6691
6488
6442
6842
7172
7081
6718
6290
6332
6242
6259
6218
6181
6003
5989
6250
6618
7328
7500
7413
7275
7160
6964
6811
6597
6359
6289
6633
6882
6741
6407
6009
6027
5901
5743
5626
5475
5277
5134
5149
5272
5482
5684
5629
5622
5636
5742
5646
5654
5561
5571
5846
5975
5832
5616
5564
5687
5661
5407
5354
5229
5065
4941
4940
5010
5178
5341
5660
5752
5805
5870
5722
5417
5199
5286
5551
5775
5866
5849
5662
5640
5567
5389
5343
5254
5020
4945
5185
5541
6201
6361
6349
6342
6392
6399
6394
6296
6174
6225
6574
6797
6608
6268
5841
5868
5753
5732
5673
5627
5452
5453
5733
6135
6921
7253
7406
7491
7529
7433
7358
7232
7048
7022
7427
7780
7827
7465
6983
6972
6840
6827
6756
6674
6424
6317
6502
6785
7376
7452
7297
7148
7054
6885
6752
6562
6338
6278
6659
6965
6848
6509
6104
6146
6055
6075
6036
6005
5832
5827
6098
6479
7218
7406
7327
7181
7042
6828
6670
6465
6246
6195
6537
6774
6609
6298
5923
5933
5806
5779
5695
5616
5393
5332
5546
5868
6530
6642
6530
6426
6389
6294
6264
6154
6040
6077
6399
6578
6378
6040
5673
5684
5536
5334
5193
5030
4842
4705
4718
4838
5068
5293
5273
5298
5339
5477
5437
5486
5457
5524
5770
5824
5731
5462
5392
5537
5472
5140
5026
4841
4632
4455
4383
4360
4397
4490
4814
5003
5204
5406
5397
5190
5078
5245
5493
5667
5700
5627
5441
5431
5332
5109
5040
4941
4715
4652
4889
5240
5907
6113
6174
6232
6322
6353
6378
6289
6181
6239
6570
6762
6609
6256
5816
5830
5698
5653
5561
5478
5260
5202
5421
5755
6442
6586
6509
6427
6400
6307
6280
6164
6043
6067
6389
6577
6399
6061
5692
5698
5552
5489
5376
5273
5035
4951
5134
5417
6030
6166
6144
6178
6269
6268
6311
6252
6171
6226
6564
6763
6585
6211
5811
5838
5681
5592
5469
5356
5119
5039
5226
5516
6144
6333
6378
6443
6530
6503
6512
6427
6306
6322
6680
6935
6817
6477
6067
6053
5920
5893
5812
5738
5516
5443
5651
5968
6619
6755
6686
6626
6618
6527
6488
6358
6205
6201
6544
6774
6637
6300
5916
5916
5786
5633
5524
5397
5222
5095
5128
5270
5519
5743
5695
5674
5661
5743
5642
5629
5523
5523
5775
5868
5791
5564
5517
5622
5574
5304
5233
5092
4903
4738
4692
4709
4807
4916
5205
5319
5433
5572
5506
5244
5078
5209
5472
5677
5736
5698
5532
5509
5423
5228
5177
5098
4877
4817
5057
5410
6078
6287
6339
6385
6460
6479
6488
6388
6264
6310
6651
6862
6695
6338
5901
5916
5773
5716
5615
5519
5281
5195
5383
5667
6276
6427
6424
6457
6523
6485
6485
6389
6262
6273
6612
6841
6664
6310
5916
5917
5769
5712
5609
5512
5274
5188
5373
5654
6263
6410
6400
6428
6495
6457
6458
6362
6234
6243
6585
6813
6635
6287
5895
5899
5751
5695
5594
5498
5262
5177
5365
5646
6256
6397
6378
6393
6457
6426
6440
6351
6241
6269
6618
6842
6673
6306
5905
5925
5773
5705
5598
5498
5263
5181
5373
5662
6289
6454
6458
6475
6523
6472
6462
6357
6223
6232
6578
6811
6653
6308
5915
5916
5772
5601
5478
5332
5144
4993
5007
5120
5329
5562
5563
5605
5635
5741
5650
5649
5543
5537
5801
5920
5870
5640
5574
5678
5643
5389
5332
5202
5023
4862
4828
4859
4972
5098
5396
5498
5585
5690
5578
5288
5081
5175
5449
5686
5784
5765
5594
5554
5485
5324
5295
5232
5015
4952
5199
5558
6221
6414
6447
6475
6540
6543
6531
6409
6253
6269
6619
6854
6695
6358
5926
5923
5789
5757
5673
5594
5365
5283
5479
5777
6404
6546
6509
6495
6525
6465
6452
6342
6205
6215
6572
6820
6663
6306
5906
5926
5783
5728
5630
5538
5305
5229
5426
5717
6344
6509
6510
6534
6587
6540
6532
6443
6328
6357
6724
6986
6848
6455
6020
6075
5930
5854
5746
5643
5408
5332
5527
5814
6431
6591
6585
6601
6650
6594
6584
6499
6389
6424
6796
7065
6939
6525
6071
6157
6016
5935
5828
5724
5493
5433
5640
5934
6551
6720
6725
6756
6811
6742
6722
6645
6536
6572
6939
7207
7085
6631
6146
6256
6113
5890
5750
5574
5382
5252
5277
5383
5567
5801
5807
5870
5917
6015
5925
5966
5906
5950
6233
6376
6344
5976
5803
6047
5999
5664
5568
5392
5195
5050
5017
5023
5084
5200
5507
5651
5777
5883
5789
5546
5383
5517
5784
6019
6096
5954
5700
5745
5650
5423
5358
5259
5030
4968
5207
5544
6187
6392
6454
6509
6578
6578
6564
6452
6303
6325
6676
6917
6773
6406
5950
5960
5822
5781
5692
5609
5379
5297
5491
5783
6406
6562
6548
6548
6577
6505
6469
6338
6171
6152
6507
6766
6623
6292
5905
5883
5747
5728
5654
5589
5369
5298
5507
5825
6489
6664
6639
6601
6595
6498
6441
6289
6104
6070
6427
6694
6562
6262
5893
5861
5731
5728
5662
5605
5387
5314
5522
5838
6496
6673
6656
6629
6625
6529
6468
6315
6126
6087
6444
6714
6577
6283
5919
5880
5751
5751
5691
5637
5423
5353
5562
5876
6530
6680
6632
6586
6584
6499
6460
6328
6169
6170
6551
6839
6724
6386
5984
6017
5893
5728
5618
5479
5298
5164
5193
5311
5519
5757
5756
5796
5824
5917
5820
5849
5779
5818
6122
6293
6283
5943
5775
6022
5988
5670
5587
5417
5230
5095
5077
5094
5173
5299
5602
5725
5821
5901
5777
5510
5321
5430
5697
5940
6027
5911
5668
5687
5598
5396
5345
5264
5041
4979
5222
5574
6232
6440
6489
6517
6567
6553
6525
6399
6239
6259
6623
6888
6759
6403
5948
5968
5838
5805
5724
5646
5420
5344
5548
5849
6485
6642
6619
6599
6612
6526
6482
6355
6197
6190
6560
6841
6710
6352
5937
5976
5849
5807
5725
5643
5423
5368
5589
5905
6551
6736
6738
6752
6791
6708
6673
6594
6483
6522
6906
7204
7101
6631
6118
6274
6146
6050
5947
5832
5612
5582
5825
6144
6784
6971
6959
6961
6982
6865
6805
6734
6626
6667
7040
7335
7231
6718
6177
6355
6223
6113
6003
5882
5659
5632
5876
6194
6831
7019
7010
7009
7024
6902
6835
6759
6645
6683
7056
7351
7256
6745
6201
6377
6248
6014
5877
5698
5517
5420
5481
5616
5827
6078
6067
6089
6088
6124
5978
5999
5909
5924
6195
6347
6322
5944
5752
5999
5958
5637
5553
5386
5200
5065
5050
5075
5163
5290
5589
5704
5789
5860
5728
5455
5262
5366
5636
5883
5975
5856
5612
5633
5544
5343
5295
5215
4995
4932
5178
5530
6193
6397
6441
6458
6498
6477
6443
6308
6139
6149
6512
6776
6647
6304
5860
5866
5738
5714
5640
5568
5345
5272
5475
5781
6421
6581
6554
6530
6532
6442
6390
6256
6091
6081
6454
6739
6611
6267
5860
5880
5746
5712
5630
5552
5328
5256
5463
5769
6409
6578
6560
6542
6550
6457
6404
6276
6113
6101
6469
6749
6619
6266
5851
5870
5736
5701
5618
5543
5318
5248
5454
5760
6403
6574
6558
6536
6534
6434
6377
6234
6057
6027
6388
6663
6530
6208
5818
5805
5673
5659
5589
5526
5307
5235
5443
5753
6403
6571
6554
6527
6522
6424
6366
6218
6036
6008
6375
6651
6529
6211
5827
5814
5686
5547
5452
5331
5153
5011
5036
5161
5382
5616
5601
5609
5607
5684
5564
5546
5423
5411
5701
5862
5838
5591
5502
5644
5612
5351
5293
5161
4979
4822
4791
4814
4911
5035
5337
5443
5530
5627
5510
5230
5031
5139
5431
5700
5808
5739
5522
5536
5463
5281
5246
5177
4962
4911
5167
5530
6201
6414
6462
6483
6525
6499
6462
6339
6184
6211
6584
6865
6755
6376
5895
5948
5825
5784
5705
5623
5402
5342
5561
5875
6519
6691
6669
6650
6656
6556
6501
6397
6262
6283
6673
6982
6884
6457
5975
6095
5974
5904
5811
5712
5493
5458
5700
6025
6677
6868
6852
6838
6844
6721
6650
6564
6441
6469
6848
7152
7054
6572
6045
6211
6087
5992
5893
5783
5565
5546
5796
6126
6780
6972
6953
6929
6924
6783
6700
6609
6485
6509
6882
7180
7083
6594
6061
6224
6099
6006
5907
5798
5582
5562
5812
6144
6799
6992
6972
6945
6934
6787
6697
6596
6455
6467
6831
7121
7016
6541
6025
6144
6006
5797
5668
5503
5314
5188
5219
5334
5538
5765
5729
5717
5688
5733
5588
5561
5427
5403
5681
5832
5801
5547
5452
5581
5541
5286
5229
5099
4914
4750
4712
4733
4834
4948
5236
5327
5402
5496
5376
5080
4869
4966
5262
5536
5649
5616
5426
5416
5346
5181
5157
5098
4887
4835
5091
5455
6133
6348
6394
6412
6450
6426
6389
6266
6112
6140
6523
6811
6707
6332
5849
5910
5789
5750
5673
5592
5372
5315
5537
5854
6502
6674
6650
6621
6622
6516
6458
6357
6226
6255
6649
6964
6872
6434
5944
6081
5964
5890
5800
5697
5483
5461
5711
6045
6704
6897
6874
6846
6838
6695
6606
6503
6362
6369
6732
7022
6909
6444
5937
6063
5934
5854
5757
5654
5434
5398
5635
5958
6608
6791
6769
6738
6729
6599
6525
6421
6282
6296
6670
6968
6865
6420
5924
6036
5907
5836
5743
5646
5424
5380
5608
5923
6566
6739
6711
6674
6660
6532
6458
6337
6183
6184
6558
6854
6752
6344
5877
5957
5827
5646
5533
5386
5205
5081
5119
5246
5464
5704
5682
5684
5671
5726
5592
5591
5485
5493
5787
5961
5950
5646
5503
5702
5670
5384
5318
5171
4988
4844
4818
4844
4938
5057
5342
5428
5497
5572
5440
5153
4948
5054
5344
5616
5728
5654
5431
5449
5375
5195
5163
5094
4880
4829
5085
5448
6122
6329
6363
6365
6387
6348
6297
6152
5970
5966
6329
6596
6471
6138
5695
5684
5554
5541
5471
5408
5185
5104
5303
5608
6256
6413
6380
6337
6324
6228
6170
6023
5844
5825
6205
6501
6386
6069
5677
5684
5560
5543
5475
5408
5189
5123
5337
5651
6307
6482
6464
6440
6443
6349
6296
6183
6043
6058
6452
6765
6674
6280
5821
5921
5805
5751
5670
5581
5369
5338
5581
5915
6577
6769
6748
6718
6707
6572
6493
6388
6249
6260
6635
6934
6835
6388
5890
6013
5887
5816
5728
5630
5414
5383
5623
5951
6608
6793
6765
6725
6704
6564
6476
6355
6199
6197
6564
6854
6749
6324
5848
5928
5796
5609
5495
5344
5161
5034
5065
5188
5400
5630
5596
5585
5558
5609
5471
5451
5327
5317
5606
5772
5756
5493
5386
5548
5517
5254
5199
5065
4885
4738
4715
4746
4851
4976
5266
5353
5421
5498
5365
5071
4859
4954
5242
5509
5621
5565
5359
5365
5298
5128
5104
5043
4836
4793
5064
5440
6128
6353
6406
6424
6464
6432
6390
6283
6143
6185
6570
6866
6775
6355
5834
5947
5832
5775
5692
5603
5389
5358
5603
5937
6598
6786
6759
6725
6715
6580
6499
6402
6270
6296
6676
6983
6889
6416
5893
6055
5934
5849
5753
5646
5430
5413
5668
6003
6663
6854
6817
6773
6745
6587
6488
6373
6219
6214
6575
6862
6752
6310
5816
5934
5811
5745
5660
5567
5356
5337
5592
5937
6613
6818
6803
6775
6760
6611
6520
6417
6276
6282
6647
6940
6840
6376
5866
6000
5875
5800
5711
5612
5398
5373
5622
5958
6621
6810
6779
6732
6702
6550
6450
6322
6154
6139
6495
6776
6664
6249
5781
5849
5716
5538
5426
5283
5102
4975
5010
5139
5361
5594
5557
5533
5495
5534
5382
5338
5181
5136
5403
5544
5503
5288
5228
5310
5267
5034
4985
4870
4684
4507
4458
4473
4574
4683
4969
5048
5118
5219
5104
4787
4554
4632
4927
5197
5303
5331
5190
5123
5057
4924
4913
4872
4664
4599
4848
5214
5896
6102
6143
6142
6164
6138
6091
5926
5726
5704
6061
6324
6193
5916
5519
5458
5331
5345
5289
5244
5024
4934
5130
5437
6091
6248
6214
6166
6146
6053
5990
5820
5615
5564
5928
6207
6068
5810
5469
5393
5258
5274
5215
5167
4944
4848
5034
5334
5986
6142
6111
6059
6044
5961
5909
5739
5540
5497
5877
6166
6040
5798
5465
5399
5273
5291
5236
5191
4972
4886
5080
5387
6043
6204
6179
6136
6126
6041
5992
5840
5661
5640
6027
6325
6218
5931
5561
5543
5420
5417
5355
5299
5081
5009
5212
5522
6174
6339
6315
6274
6262
6166
6109
5966
5796
5786
6177
6481
6386
6058
5653
5681
5563
5420
5325
5200
5027
4906
4948
5091
5327
5574
5552
5548
5524
5574
5431
5410
5284
5267
5548
5708
5684
5416
5305
5458
5424
5160
5104
4969
4787
4630
4599
4623
4723
4837
5118
5191
5250
5328
5193
4880
4650
4726
5009
5270
5372
5365
5199
5149
5079
4932
4917
4871
4661
4599
4849
5215
5897
6105
6143
6140
6157
6128
6078
5915
5715
5695
6053
6315
6183
5901
5498
5443
5315
5327
5270
5222
5002
4913
5108
5413
6067
6222
6185
6132
6112
6015
5951
5779
5572
5520
5887
6167
6034
5783
5447
5380
5254
5274
5221
5175
4958
4877
5081
5397
6060
6229
6205
6164
6150
6055
5990
5827
5627
5578
5940
6219
6084
5814
5463
5406
5274
5286
5226
5178
4958
4873
5071
5380
6036
6199
6171
6123
6101
6003
5937
5761
5550
5489
5848
6116
5980
5742
5420
5321
5190
5221
5171
5135
4916
4821
5010
5315
5971
6128
6104
6055
6036
5950
5893
5714
5499
5444
5814
6094
5968
5743
5428
5332
5204
5112
5035
4941
4763
4599
4605
4725
4954
5177
5153
5140
5120
5208
5089
5034
4876
4835
5125
5287
5259
5112
5100
5156
5126
4917
4886
4783
4606
4434
4392
4417
4527
4643
4934
5017
5089
5188
5068
4749
4514
4588
4877
5144
5248
5276
5134
5065
4997
4866
4858
4818
4612
4548
4801
5169
5856
6069
6113
6118
6149
6126
6088
5944
5767
5771
6146
6426
6311
5992
5557
5553
5431
5421
5355
5293
5071
4996
5200
5509
6157
6318
6284
6241
6233
6138
6082
5951
5793
5794
6188
6502
6409
6059
5635
5705
5592
5557
5481
5399
5185
5142
5376
5704
6365
6546
6520
6485
6472
6351
6276
6164
6019
6027
6409
6714
6613
6195
5716
5828
5710
5649
5564
5472
5260
5232
5478
5811
6475
6661
6627
6581
6553
6404
6311
6185
6020
6006
6366
6651
6539
6135
5674
5739
5612
5564
5485
5403
5185
5135
5361
5681
6335
6510
6483
6441
6422
6300
6225
6096
5934
5928
6306
6605
6509
6128
5684
5751
5632
5465
5365
5228
5057
4947
5002
5149
5387
5640
5619
5616
5594
5632
5483
5478
5365
5362
5647
5815
5807
5497
5351
5561
5534
5254
5193
5050
4876
4752
4752
4800
4918
5058
5346
5433
5495
5547
5398
5118
4916
5020
5300
5567
5681
5572
5323
5365
5290
5099
5062
4986
4774
4731
4992
5355
6029
6234
6259
6250
6263
6215
6159
6014
5834
5835
6199
6471
6351
6013
5561
5565
5440
5423
5354
5289
5068
4992
5197
5507
6156
6314
6277
6226
6208
6102
6036
5887
5704
5678
6053
6342
6218
5901
5512
5498
5365
5352
5281
5215
4989
4906
5100
5400
6047
6201
6166
6114
6096
6003
5943
5783
5592
5561
5937
6228
6108
5828
5467
5435
5310
5313
5252
5197
4980
4904
5110
5421
6078
6246
6224
6185
6178
6085
6031
5893
5726
5716
6102
6402
6298
5972
5568
5585
5462
5442
5373
5305
5086
5021
5230
5541
6190
6355
6325
6280
6263
6157
6094
5950
5777
5761
6143
6440
6338
6003
5595
5615
5491
5344
5246
5120
4944
4810
4841
4971
5197
5428
5398
5380
5348
5399
5255
5211
5057
5016
5289
5437
5398
5194
5139
5221
5181
4951
4904
4793
4608
4433
4384
4403
4506
4615
4899
4974
5037
5135
5013
4687
4445
4513
4800
5064
5164
5208
5081
4993
4926
4802
4796
4762
4555
4485
4731
5096
5783
5989
6029
6026
6047
6023
5979
5808
5603
5577
5935
6197
6063
5805
5420
5343
5215
5238
5187
5145
4924
4828
5016
5323
5975
6126
6088
6029
6003
5913
5851
5670
5454
5399
5767
6047
5911
5686
5370
5281
5154
5185
5135
5096
4877
4787
4981
5290
5950
6113
6087
6043
6031
5947
5893
5728
5534
5496
5873
6164
6044
5786
5441
5400
5283
5297
5243
5195
4985
4918
5137
5463
6133
6317
6304
6276
6270
6169
6109
5976
5810
5796
6171
6467
6359
6013
5594
5626
5499
5475
5406
5334
5120
5062
5283
5602
6259
6434
6413
6377
6366
6256
6191
6067
5909
5911
6296
6598
6505
6124
5676
5742
5619
5451
5344
5204
5026
4903
4942
5072
5293
5527
5493
5477
5444
5492
5346
5323
5193
5175
5461
5623
5607
5354
5254
5410
5384
5128
5079
4951
4776
4639
4626
4670
4788
4924
5212
5297
5356
5420
5273
4971
4746
4822
5095
5353
5453
5409
5214
5195
5125
4966
4945
4891
4685
4639
4903
5277
5968
6188
6232
6236
6259
6219
6164
6017
5835
5828
6188
6455
6331
5993
5550
5546
5417
5406
5338
5276
5054
4979
5185
5496
6146
6308
6274
6225
6209
6105
6041
5892
5708
5682
6055
6345
6223
5909
5520
5513
5386
5375
5305
5243
5023
4948
5157
5468
6123
6289
6256
6212
6194
6088
6019
5862
5670
5629
5992
6270
6138
5842
5475
5433
5300
5300
5235
5181
4960
4877
5077
5383
6039
6201
6171
6122
6099
6000
5937
5767
5565
5517
5883
6166
6040
5784
5444
5378
5249
5270
5218
5178
4961
4877
5078
5392
6054
6219
6191
6136
6109
6006
5937
5755
5538
5481
5846
6124
6006
5772
5449
5365
5244
5149
5077
4981
4807
4652
4668
4800
5037
5266
5236
5212
5178
5246
5110
5044
4872
4814
5091
5240
5205
5075
5075
5106
5078
4880
4855
4762
4585
4409
4365
4396
4524
4643
4924
4982
5030
5119
4985
4639
4378
4425
4709
4972
5081
5173
5078
4958
4897
4797
4804
4783
4581
4507
4756
5132
5834
6039
6064
6039
6043
6012
5959
5777
5563
5532
5896
6166
6041
5810
5443
5365
5246
5281
5236
5204
4988
4903
5104
5424
6099
6256
6208
6130
6091
5985
5915
5733
5524
5475
5848
6133
6003
5763
5434
5369
5246
5269
5216
5173
4955
4873
5075
5389
6057
6221
6187
6136
6119
6030
5975
5824
5646
5630
6019
6322
6212
5915
5534
5536
5414
5403
5338
5276
5057
4990
5202
5516
6169
6339
6317
6280
6277
6181
6130
6013
5866
5880
6278
6594
6502
6130
5687
5767
5650
5607
5532
5451
5238
5200
5435
5759
6413
6596
6577
6550
6543
6427
6359
6256
6125
6150
6541
6856
6777
6333
5832
5988
5862
5659
5510
5327
5130
5002
5031
5142
5343
5561
5516
5485
5438
5475
5321
5276
5123
5081
5352
5492
5449
5248
5194
5277
5238
5009
4965
4856
4676
4500
4455
4480
4599
4718
4999
5061
5108
5193
5058
4728
4483
4540
4822
5072
5164
5236
5134
5044
4980
4866
4865
4841
4637
4568
4814
5183
5879
6084
6111
6095
6105
6081
6036
5877
5684
5671
6043
6308
6170
5907
5520
5485
5365
5375
5319
5274
5057
4979
5178
5492
6152
6311
6270
6214
6191
6095
6036
5887
5708
5687
6070
6365
6238
5935
5554
5553
5427
5414
5346
5283
5064
4992
5197
5506
6157
6323
6294
6253
6241
6146
6089
5951
5784
5777
6160
6458
6339
6003
5594
5616
5488
5462
5386
5314
5094
5027
5235
5543
6188
6357
6333
6298
6292
6195
6143
6016
5861
5863
6250
6554
6454
6087
5654
5700
5574
5538
5462
5384
5167
5109
5325
5635
6280
6448
6426
6387
6371
6256
6187
6043
5862
5836
6201
6481
6355
6020
5619
5615
5481
5339
5243
5122
4944
4797
4815
4940
5167
5400
5378
5362
5329
5392
5252
5202
5047
4997
5274
5414
5369
5205
5183
5250
5219
5006
4971
4872
4695
4527
4485
4516
4639
4766
5057
5123
5173
5255
5116
4783
4533
4585
4872
5134
5256
5332
5224
5136
5081
4979
4988
4971
4776
4719
4983
5382
6112
6329
6335
6277
6245
6181
6105
5925
5712
5678
6044
6308
6191
5951
5578
5533
5424
5457
5417
5387
5180
5113
5337
5681
6386
6554
6485
6372
6297
6157
6060
5877
5663
5605
5968
6242
6099
5860
5536
5485
5365
5389
5343
5307
5099
5030
5249
5589
6293
6476
6430
6337
6276
6144
6055
5880
5673
5619
5985
6256
6111
5865
5533
5489
5368
5384
5331
5289
5078
5006
5216
5543
6223
6392
6348
6278
6243
6138
6077
5926
5750
5726
6102
6386
6246
5947
5575
5574
5452
5442
5379
5323
5109
5045
5258
5574
6228
6399
6373
6342
6339
6252
6209
6091
5948
5970
6363
6670
6567
6169
5712
5794
5673
5495
5383
5236
5064
4951
4995
5123
5334
5574
5560
5578
5587
5660
5546
5567
5491
5536
5840
6027
6030
5647
5442
5700
5670
5354
5277
5108
4927
4804
4796
4820
4901
5017
5310
5420
5520
5607
5497
5250
5090
5248
5548
5836
5962
5761
5438
5554
5486
5255
5202
5100
4891
4873
5151
5516
6169
6377
6416
6441
6486
6444
6400
6284
6132
6159
6513
6773
6633
6201
5688
5757
5629
5577
5493
5408
5189
5139
5365
5676
6314
6482
6461
6454
6474
6378
6331
6221
6077
6087
6450
6729
6585
6146
5671
5741
5605
5541
5448
5354
5132
5075
5287
5588
6219
6379
6353
6337
6353
6268
6225
6109
5960
5964
6331
6604
6452
6059
5618
5661
5526
5481
5397
5315
5096
5037
5246
5551
6191
6358
6335
6311
6318
6232
6188
6061
5905
5899
6266
6534
6383
6025
5613
5632
5502
5472
5397
5328
5112
5053
5262
5572
6219
6386
6361
6329
6333
6248
6207
6078
5921
5921
6292
6564
6416
6054
5640
5670
5540
5380
5274
5142
4968
4838
4865
4986
5199
5427
5403
5411
5420
5509
5407
5407
5305
5321
5609
5757
5701
5411
5297
5469
5435
5156
5091
4948
4769
4625
4593
4605
4685
4797
5090
5207
5323
5447
5362
5109
4944
5094
5397
5671
5769
5636
5372
5455
5393
5183
5142
5055
4855
4844
5132
5503
6164
6385
6438
6491
6575
6560
6542
6468
6359
6434
6799
7070
6944
6413
5814
5974
5848
5746
5643
5526
5307
5284
5523
5835
6454
6615
6584
6578
6608
6503
6455
6359
6228
6250
6599
6862
6701
6218
5712
5812
5674
5592
5492
5387
5165
5123
5345
5646
6266
6428
6409
6410
6450
6371
6334
6228
6085
6091
6440
6691
6516
6095
5642
5690
5550
5493
5402
5317
5096
5039
5246
5544
6168
6328
6310
6304
6339
6274
6249
6136
5990
5992
6348
6599
6424
6044
5619
5653
5519
5477
5393
5315
5099
5043
5250
5548
6170
6324
6303
6298
6338
6279
6263
6157
6025
6047
6407
6659
6482
6074
5632
5700
5571
5386
5270
5123
4948
4837
4872
4989
5180
5407
5394
5441
5499
5616
5538
5565
5489
5520
5783
5895
5794
5442
5290
5488
5442
5136
5057
4903
4719
4581
4546
4548
4613
4717
5010
5137
5270
5402
5321
5051
4859
4968
5229
5444
5489
5430
5236
5222
5150
5178
5159
5105
4903
4861
5130
5509
6208
6436
6485
6488
6505
6458
6402
6259
6082
6087
6457
6739
6659
6308
5844
5869
5750
5731
5664
5601
5383
5323
5543
5866
6529
6705
6677
6635
6612
6493
6412
6267
6087
6064
6454
6777
6716
6371
5954
5962
5838
5821
5755
5690
5475
5411
5633
5959
6625
6797
6752
6690
6646
6509
6410
6252
6059
6023
6402
6708
6619
6287
5882
5895
5770
5753
5686
5621
5407
5345
5568
5893
6562
6739
6707
6653
6621
6493
6407
6256
6073
6044
6424
6732
6625
6300
5899
5913
5789
5772
5710
5650
5440
5386
5613
5945
6622
6818
6810
6770
6739
6608
6515
6362
6171
6140
6531
6858
6789
6462
6055
6064
5937
5793
5698
5575
5399
5267
5307
5448
5690
5943
5924
5907
5861
5889
5719
5674
5522
5485
5789
5989
6015
5789
5702
5836
5805
5560
5516
5397
5221
5068
5051
5091
5216
5358
5659
5739
5783
5836
5674
5358
5120
5194
5508
5827
5998
5974
5780
5770
5701
5546
5532
5483
5279
5234
5507
5889
6586
6818
6862
6852
6841
6763
6674
6509
6306
6288
6678
7000
6941
6606
6146
6170
6047
6031
5971
5911
5695
5633
5858
6183
6851
7039
7020
6975
6934
6791
6688
6527
6328
6287
6674
7005
6938
6609
6199
6205
6070
6049
5980
5910
5682
5603
5814
6124
6773
6940
6902
6846
6810
6674
6575
6417
6222
6181
6562
6880
6780
6461
6059
6071
5940
5923
5856
5789
5565
5497
5714
6029
6687
6862
6832
6784
6752
6621
6531
6379
6191
6157
6542
6860
6762
6444
6043
6059
5937
5924
5865
5807
5595
5538
5767
6096
6773
6961
6940
6885
6838
6688
6582
6414
6211
6168
6546
6852
6775
6452
6041
6060
5935
5791
5695
5568
5387
5248
5279
5410
5640
5882
5865
5861
5836
5885
5739
5710
5572
5546
5844
6030
6029
5803
5716
5849
5820
5575
5530
5409
5229
5072
5048
5080
5193
5325
5622
5711
5767
5832
5684
5376
5147
5229
5540
5849
6015
5984
5781
5779
5716
5564
5553
5506
5303
5256
5527
5905
6598
6825
6866
6860
6859
6789
6707
6550
6352
6338
6729
7047
6992
6641
6169
6201
6087
6077
6017
5961
5747
5687
5911
6234
6896
7073
7039
6982
6937
6789
6684
6517
6311
6266
6651
6972
6902
6562
6144
6164
6039
6026
5961
5895
5674
5606
5822
6136
6790
6955
6911
6849
6807
6674
6577
6416
6221
6179
6558
6872
6763
6434
6029
6050
5933
5924
5865
5807
5598
5544
5772
6102
6776
6959
6931
6873
6828
6684
6585
6421
6224
6181
6560
6868
6772
6443
6034
6058
5938
5928
5868
5808
5598
5541
5769
6096
6766
6951
6934
6886
6854
6720
6631
6474
6282
6248
6639
6962
6884
6550
6135
6160
6047
5915
5835
5725
5564
5448
5499
5650
5905
6164
6149
6128
6071
6088
5910
5849
5681
5629
5934
6132
6174
5933
5832
5979
5959
5724
5686
5574
5407
5262
5248
5289
5411
5544
5827
5890
5920
5961
5793
5458
5207
5267
5578
5889
6047
6008
5806
5812
5757
5613
5607
5568
5378
5345
5627
6015
6720
6951
6992
6975
6959
6880
6789
6613
6402
6376
6772
7093
7024
6674
6207
6245
6136
6133
6085
6041
5842
5801
6043
6383
7068
7265
7242
7183
7123
6962
6845
6661
6436
6372
6773
7115
7058
6714
6292
6320
6201
6201
6150
6104
5904
5858
6095
6430
7108
7297
7266
7198
7135
6972
6851
6660
6428
6355
6748
7078
7010
6669
6253
6282
6166
6160
6108
6059
5856
5810
6043
6373
7047
7221
7172
7085
7006
6831
6704
6509
6282
6214
6584
6876
6763
6436
6033
6059
5937
5924
5856
5791
5574
5513
5732
6054
6715
6874
6825
6752
6711
6582
6498
6344
6160
6136
6496
6763
6601
6280
5889
5913
5794
5651
5557
5434
5266
5146
5190
5337
5587
5827
5797
5769
5728
5771
5627
5594
5463
5447
5715
5840
5781
5560
5485
5629
5605
5356
5307
5183
5011
4871
4855
4899
5030
5156
5435
5498
5551
5622
5492
5190
4982
5082
5354
5585
5667
5643
5458
5463
5403
5242
5219
5160
4958
4921
5190
5572
6273
6485
6515
6505
6525
6488
6445
6311
6146
6166
6510
6741
6592
6252
5801
5834
5715
5677
5599
5522
5301
5240
5452
5767
6426
6575
6522
6476
6481
6397
6331
6205
6053
6015
6358
6592
6430
6102
5708
5733
5612
5582
5506
5430
5214
5161
5379
5701
6375
6546
6520
6495
6509
6427
6366
6243
6089
6063
6424
6684
6551
6221
5816
5836
5712
5684
5603
5524
5304
5243
5457
5773
6442
6608
6580
6551
6558
6475
6417
6296
6144
6118
6483
6752
6640
6296
5882
5904
5787
5769
5697
5629
5413
5359
5579
5905
6577
6755
6736
6710
6715
6621
6564
6440
6282
6269
6653
6951
6868
6507
6080
6102
5986
5844
5750
5629
5458
5337
5378
5522
5759
5998
5966
5950
5920
5972
5828
5800
5664
5656
5959
6136
6144
5880
5777
5921
5903
5660
5617
5503
5338
5201
5188
5233
5344
5462
5726
5779
5814
5869
5715
5396
5160
5244
5532
5794
5909
5860
5663
5661
5595
5431
5402
5338
5125
5079
5339
5711
6399
6606
6629
6625
6655
6629
6582
6454
6292
6300
6674
6945
6780
6438
5992
6015
5896
5875
5806
5739
5530
5481
5711
6045
6728
6923
6917
6895
6894
6793
6736
6612
6454
6441
6820
7116
7000
6659
6246
6255
6126
6102
6034
5968
5753
5695
5917
6242
6911
7105
7102
7081
7077
6975
6917
6790
6629
6608
6979
7276
7184
6825
6403
6413
6279
6256
6184
6116
5895
5825
6036
6347
6994
7159
7116
7063
7034
6913
6838
6688
6507
6485
6859
7156
7034
6686
6278
6294
6168
6149
6082
6017
5805
5746
5968
6289
6949
7121
7087
7030
6998
6873
6793
6641
6454
6443
6829
7133
6999
6664
6266
6284
6164
6022
5933
5818
5657
5543
5592
5743
5990
6255
6250
6249
6221
6267
6122
6087
5945
5928
6215
6387
6375
6135
6047
6180
6144
5893
5846
5725
5547
5396
5370
5402
5507
5629
5906
5974
6020
6082
5934
5616
5378
5454
5731
5990
6098
6067
5877
5866
5793
5621
5588
5517
5293
5230
5479
5840
6513
6704
6711
6688
6702
6661
6604
6461
6284
6284
6649
6907
6729
6409
5975
5999
5879
5851
5777
5701
5479
5421
5642
5970
6641
6813
6779
6734
6720
6611
6540
6400
6228
6207
6578
6858
6707
6400
6009
6025
5901
5877
5803
5729
5513
5461
5686
6019
6701
6893
6886
6862
6858
6755
6688
6554
6388
6359
6724
6998
6897
6571
6163
6171
6041
6012
5930
5846
5613
5536
5742
6053
6708
6868
6830
6789
6780
6680
6619
6489
6329
6310
6683
6965
6846
6515
6111
6128
6006
5986
5913
5841
5622
5563
5783
6108
6770
6931
6890
6832
6807
6688
6608
6458
6277
6242
6605
6869
6752
6427
6022
6039
5913
5756
5644
5497
5305
5163
5185
5313
5541
5753
5698
5673
5651
5719
5579
5558
5434
5406
5684
5815
5745
5536
5468
5606
5581
5324
5263
5123
4940
4793
4767
4808
4940
5061
5346
5435
5519
5617
5492
5208
5009
5102
5394
5643
5738
5725
5541
5534
5475
5305
5274
5202
4990
4947
5215
5598
6300
6509
6537
6534
6564
6532
6479
6345
6180
6180
6542
6787
6673
6339
5885
5911
5794
5761
5676
5587
5356
5288
5498
5818
6485
6636
6585
6537
6536
6443
6379
6253
6096
6078
6457
6729
6591
6270
5873
5892
5775
5752
5676
5601
5386
5337
5564
5904
6586
6763
6735
6693
6683
6578
6503
6365
6195
6173
6548
6818
6721
6392
5984
6000
5880
5851
5770
5688
5465
5403
5621
5947
6618
6776
6734
6683
6673
6568
6498
6363
6198
6171
6542
6810
6694
6363
5960
5975
5854
5824
5741
5656
5430
5366
5581
5905
6575
6734
6691
6642
6637
6541
6475
6344
6181
6157
6529
6793
6661
6335
5937
5952
5830
5673
5562
5417
5233
5104
5137
5281
5530
5759
5724
5711
5700
5771
5637
5622
5505
5482
5767
5901
5858
5640
5563
5695
5667
5403
5338
5191
5003
4851
4824
4862
4993
5112
5398
5491
5581
5687
5572
5297
5108
5202
5496
5746
5848
5825
5640
5629
5563
5389
5353
5277
5064
5016
5279
5662
6362
6566
6587
6581
6609
6580
6526
6393
6228
6234
6604
6854
6731
6399
5948
5971
5852
5818
5731
5642
5413
5348
5563
5890
6562
6716
6664
6612
6606
6509
6441
6310
6149
6126
6499
6765
6623
6308
5916
5928
5806
5772
5688
5603
5380
5324
5546
5877
6562
6738
6714
6681
6687
6597
6539
6417
6264
6250
6632
6909
6791
6471
6070
6082
5961
5931
5852
5775
5560
5507
5733
6069
6746
6917
6883
6830
6811
6695
6618
6471
6294
6276
6651
6927
6830
6501
6096
6114
5992
5961
5879
5797
5574
5513
5732
6060
6734
6903
6870
6827
6818
6718
6651
6520
6358
6339
6716
6989
6872
6544
6144
6159
6039
5883
5780
5644
5469
5346
5387
5534
5783
6020
5989
5972
5950
6009
5863
5836
5704
5688
5981
6132
6112
5887
5808
5943
5913
5651
5591
5453
5272
5123
5100
5144
5272
5397
5684
5767
5841
5931
5803
5512
5307
5416
5724
5995
6113
6089
5904
5896
5835
5668
5643
5585
5386
5354
5630
6023
6728
6951
6989
6983
6998
6950
6885
6736
6554
6578
6964
7246
7159
6815
6358
6388
6270
6248
6178
6112
5903
5854
6084
6421
7089
7259
7215
7150
7115
6983
6889
6724
6526
6513
6896
7188
7091
6762
6361
6379
6256
6235
6164
6098
5889
5838
6068
6402
7070
7243
7201
7137
7102
6972
6879
6715
6517
6509
6896
7193
7088
6766
6372
6393
6274
6256
6190
6132
5931
5893
6130
6474
7149
7335
7310
7252
7214
7079
6984
6818
6619
6608
6992
7287
7200
6876
6475
6497
6375
6353
6288
6226
6022
5976
6209
6544
7215
7400
7379
7330
7301
7176
7091
6931
6742
6729
7109
7406
7321
6992
6586
6606
6481
6332
6236
6115
5948
5827
5869
6014
6243
6475
6428
6385
6324
6348
6174
6112
5943
5910
6185
6332
6315
6096
6022
6157
6122
5860
5796
5654
5463
5300
5264
5291
5403
5513
5786
5862
5934
6022
5893
5598
5386
5492
5797
6070
6143
6143
5975
5966
5905
5742
5724
5670
5475
5447
5728
6125
6845
7101
7184
7217
7259
7232
7192
7070
6913
6931
7306
7587
7516
7174
6710
6729
6601
6574
6502
6432
6212
6144
6359
6674
7334
7510
7489
7457
7447
7340
7275
7138
6971
6958
7335
7638
7571
7221
6804
6821
6694
6674
6609
6551
6339
6280
6501
6820
7475
7655
7629
7588
7567
7447
7371
7221
7038
7026
7403
7711
7640
7290
6875
6895
6769
6752
6694
6641
6434
6380
6608
6928
7582
7765
7741
7697
7670
7546
7468
7316
7130
7118
7495
7807
7729
7381
6967
6985
6858
6844
6786
6736
6532
6479
6704
7024
7669
7837
7791
7714
7657
7505
7400
7218
6999
6981
7355
7659
7568
7231
6827
6852
6729
6586
6498
6387
6222
6099
6142
6279
6509
6759
6736
6718
6678
6718
6566
6519
6366
6342
6619
6784
6760
6536
6458
6591
6553
6300
6252
6129
5951
5796
5767
5794
5899
6027
6320
6400
6462
6537
6404
6101
5879
5976
6269
6551
6664
6641
6455
6450
6380
6223
6209
6160
5961
5919
6190
6566
7258
7501
7570
7592
7626
7590
7550
7420
7256
7269
7639
7930
7851
7500
7033
7056
6929
6913
6852
6797
6584
6520
6739
7051
7698
7878
7854
7817
7794
7671
7598
7447
7260
7237
7600
7903
7829
7476
7056
7073
6940
6923
6859
6799
6580
6509
6718
7023
7660
7827
7789
7732
7700
7573
7493
7337
7146
7122
7491
7794
7689
7349
6941
6962
6835
6824
6763
6708
6499
6440
6660
6972
7618
7786
7744
7680
7636
7496
7406
7239
7036
6999
7355
7642
7527
7200
6797
6815
6684
6663
6594
6523
6298
6226
6434
6742
7383
7533
7478
7405
7365
7231
7142
6976
6776
6738
7094
7368
7217
6909
6520
6537
6410
6256
6153
6014
5825
5684
5708
5836
6069
6301
6277
6269
6256
6325
6195
6177
6053
6031
6315
6465
6407
6205
6136
6269
6242
5990
5938
5808
5629
5477
5454
5492
5616
5752
6063
6168
6253
6348
6228
5943
5739
5835
6125
6390
6534
6509
6308
6303
6239
6077
6054
5992
5780
5725
5984
6352
7027
7225
7242
7225
7233
7184
7118
6964
6775
6780
7150
7423
7335
6991
6526
6560
6447
6430
6357
6282
6059
5993
6209
6526
7177
7321
7256
7178
7143
7014
6926
6763
6567
6534
6899
7170
7039
6720
6321
6342
6222
6198
6118
6034
5806
5739
5950
6269
6938
7095
7056
7009
7005
6909
6844
6711
6546
6541
6930
7224
7088
6774
6376
6399
6289
6277
6212
6153
5951
5913
6153
6497
7188
7391
7399
7379
7379
7273
7214
7085
6926
6907
7282
7570
7516
7166
6736
6755
6632
6611
6540
6468
6245
6177
6387
6697
7347
7496
7446
7382
7356
7237
7159
7010
6829
6805
7181
7468
7381
7027
6608
6633
6517
6373
6274
6143
5965
5836
5868
6003
6234
6460
6418
6399
6375
6434
6296
6268
6138
6109
6387
6532
6498
6260
6177
6310
6279
6022
5962
5824
5635
5477
5442
5469
5585
5695
5975
6059
6140
6239
6124
5842
5647
5739
6027
6287
6373
6345
6157
6146
6082
6057
6040
0
0
0
0
0
0
0
0
0
0
0
0
0
0
0
0
0
0
0
0
0
0
0
0
