C	area	id	daily
	VARIABLES	BEGIN	END
	58	1	364

C	daily			OP. COST	OP. COST	MRG. PRICE	MRG. PRICE	BALANCE	BALANCE	LOAD	LOAD	H. ROR	H. ROR	WIND	WIND	SOLAR	SOLAR	NUCLEAR	NUCLEAR	LIGNITE	LIGNITE	COAL	COAL	GAS	GAS	OIL	OIL	MIX. FUEL	MIX. FUEL	MISC. DTG	MISC. DTG	H. STOR	H. STOR	H. PUMP	H. PUMP	H. LEV	H. LEV	H. INFL	H. INFL	H. OVFL	H. OVFL	H. VAL	H. VAL	H. COST	H. COST	UNSP. ENRG	UNSP. ENRG	SPIL. ENRG	SPIL. ENRG	LOLD	LOLD	AVL DTG	AVL DTG	DTG MRG	DTG MRG	MAX MRG	MAX MRG	NP COST	NP COST	NODU	NODU
				Euro	Euro	Euro	Euro	MWh	MWh	MWh	MWh	MWh	MWh	MWh	MWh	MWh	MWh	MWh	MWh	MWh	MWh	MWh	MWh	MWh	MWh	MWh	MWh	MWh	MWh	MWh	MWh	MWh	MWh	MWh	MWh	%	%	MWh	MWh	%	%	Euro/MWh	Euro/MWh	Euro	Euro	MWh	MWh	MWh	MWh	Hours	Hours	MWh	MWh	MWh	MWh	MWh	MWh	Euro	Euro	 	 
	index	day	month	min	max	min	max	min	max	min	max	min	max	min	max	min	max	min	max	min	max	min	max	min	max	min	max	min	max	min	max	min	max	min	max	min	max	min	max	min	max	min	max	min	max	min	max	min	max	min	max	min	max	min	max	min	max	min	max	min	max
	1	01	JAN	9	4	12	4	1	1	9	4	4	12	1	1	1	1	1	1	4	7	1	1	1	1	1	4	9	4	1	1	6	10	1	1	9	6	4	12	1	1	5	1	6	10	1	1	1	1	1	1	10	9	4	9	4	9	1	1	9	4
	2	02	JAN	2	4	12	4	1	1	2	3	4	12	1	1	1	1	1	1	4	9	1	1	1	1	1	4	9	4	1	1	9	5	1	1	9	6	4	12	1	1	5	1	9	10	1	1	1	1	1	1	2	9	4	9	4	9	1	1	9	4
	3	03	JAN	2	4	1	4	1	1	2	4	4	12	1	1	1	1	1	1	4	7	1	1	1	1	1	4	9	4	1	1	7	10	1	1	8	6	4	12	1	1	5	1	7	10	1	1	1	1	1	1	2	9	4	9	4	9	1	1	2	4
	4	04	JAN	9	4	1	4	1	1	9	4	4	12	1	1	1	1	1	1	4	1	1	1	1	1	1	4	9	4	1	1	12	6	1	1	8	6	4	12	1	1	5	1	5	3	1	1	1	1	1	1	2	9	4	9	4	9	1	1	2	4
	5	05	JAN	9	4	12	4	1	1	9	4	4	12	1	1	1	1	1	1	4	1	1	1	1	1	1	4	9	4	1	1	1	8	1	1	8	5	4	12	1	1	5	1	1	8	1	1	1	1	1	1	4	9	4	9	4	9	1	1	2	4
	6	06	JAN	12	4	12	4	1	1	9	4	4	12	1	1	1	1	1	1	4	1	1	1	1	1	1	4	12	8	1	1	3	1	1	1	8	5	4	12	1	1	5	1	3	1	1	1	1	1	1	1	4	9	4	9	4	9	1	1	8	1
	7	07	JAN	12	4	12	4	1	1	2	4	4	12	1	1	1	1	1	1	4	1	1	1	1	1	1	4	9	4	1	1	3	5	1	1	8	5	4	12	1	1	5	1	3	1	1	1	1	1	1	1	4	9	4	9	4	9	1	1	8	1
	8	08	JAN	12	4	12	4	1	1	12	4	4	12	1	1	1	1	1	1	4	5	1	1	1	1	1	4	12	7	1	1	4	1	1	1	8	6	4	12	1	1	5	1	4	1	1	1	1	1	1	1	4	9	4	9	4	9	1	1	8	5
	9	09	JAN	12	4	12	4	1	1	5	10	4	12	1	1	1	1	1	1	4	9	1	1	1	1	1	4	12	7	1	1	4	10	1	1	8	5	4	12	1	1	5	1	4	10	1	1	1	1	1	1	4	9	4	5	4	5	1	1	8	4
	10	10	JAN	12	4	5	4	1	1	5	10	4	12	1	1	1	1	1	1	4	9	1	1	1	1	1	4	5	7	1	1	5	8	1	1	8	5	4	12	1	1	5	1	5	8	1	4	1	1	1	4	4	9	4	5	4	5	1	1	8	10
	11	11	JAN	5	4	5	4	1	1	5	4	4	12	1	1	1	1	1	1	4	9	1	1	1	1	1	4	5	7	1	1	12	4	1	1	8	5	4	12	1	1	5	1	12	4	1	4	1	1	1	4	4	9	4	5	4	5	1	1	8	11
	12	12	JAN	5	4	5	4	1	1	5	4	4	12	1	1	1	1	1	1	4	6	1	1	1	1	1	4	5	7	1	1	3	7	1	1	8	5	4	12	1	1	5	1	6	7	1	1	1	1	1	1	4	9	4	5	4	5	1	1	8	4
	13	13	JAN	5	4	3	4	1	1	5	4	4	12	1	1	1	1	1	1	10	6	1	1	1	1	1	4	5	7	1	1	8	10	1	1	8	5	4	12	1	1	5	1	8	10	1	1	1	1	1	1	10	11	4	5	4	5	1	1	10	11
	14	14	JAN	5	4	3	4	1	1	5	7	4	12	1	1	1	1	1	1	10	6	1	1	1	1	1	4	5	7	1	1	2	5	1	1	8	5	4	12	1	1	5	1	2	9	1	1	1	1	1	1	10	11	4	5	4	5	1	1	10	11
	15	15	JAN	12	7	3	4	1	1	12	7	4	12	1	1	1	1	1	1	10	9	1	1	1	1	1	4	11	7	1	1	6	1	1	1	8	5	4	12	1	1	5	1	6	1	1	1	1	1	1	1	10	11	4	11	4	11	1	1	10	11
	16	16	JAN	1	7	11	10	1	1	1	7	4	12	1	1	1	1	1	1	10	9	1	1	1	1	1	4	1	7	1	1	11	8	1	1	8	5	4	12	1	1	5	1	11	8	1	1	1	1	1	1	10	11	10	1	10	1	1	1	10	11
	17	17	JAN	12	4	11	4	1	1	1	7	4	12	1	1	1	1	1	1	10	9	1	1	1	1	1	4	9	4	1	1	11	10	1	1	8	5	4	12	1	1	5	1	11	10	1	1	1	1	1	1	10	11	4	11	4	11	1	1	10	11
	18	18	JAN	1	7	11	4	1	1	1	7	4	12	1	1	1	1	1	1	10	9	1	1	1	1	1	4	9	4	1	1	9	8	1	1	8	5	4	12	1	1	5	1	5	8	1	1	1	1	1	1	10	11	10	1	10	1	1	1	12	11
	19	19	JAN	5	7	11	7	1	1	5	7	4	12	1	1	1	1	1	1	10	9	1	1	1	1	1	4	5	4	1	1	5	7	1	1	8	5	4	12	1	1	5	1	5	7	1	1	1	1	1	1	10	11	10	5	10	5	1	1	10	11
	20	20	JAN	5	7	3	7	1	1	5	7	4	12	1	1	1	1	1	1	8	9	1	1	1	1	1	4	9	4	1	1	2	5	1	1	8	5	4	12	1	1	5	1	2	1	1	1	1	1	1	1	10	1	7	5	7	5	1	1	12	11
	21	21	JAN	9	4	3	4	1	1	9	6	4	12	1	1	1	1	1	1	8	2	1	1	1	1	1	1	9	4	1	1	2	6	1	1	8	5	4	12	1	1	5	1	2	6	1	1	1	1	1	1	10	1	6	9	6	9	1	1	8	11
	22	22	JAN	9	4	3	6	1	1	9	4	4	12	1	1	1	1	1	1	8	9	1	1	1	1	1	6	9	4	1	1	2	5	1	1	8	5	4	12	1	1	5	1	2	5	1	1	1	1	1	1	8	11	6	9	6	9	1	1	8	11
	23	23	JAN	9	4	11	6	1	1	11	4	4	12	1	1	1	1	1	1	8	9	1	1	1	1	1	6	9	4	1	1	7	6	1	1	8	5	4	12	1	1	5	1	5	6	1	1	1	1	1	1	8	11	6	11	6	11	1	1	8	11
	24	24	JAN	10	4	11	6	1	1	10	12	4	12	1	1	1	1	1	1	4	9	1	1	1	1	1	6	10	4	1	1	11	6	1	1	8	5	4	12	1	1	5	1	11	6	1	1	1	1	1	1	12	9	6	11	6	11	1	1	8	9
	25	25	JAN	10	6	11	6	1	1	11	12	4	12	1	1	1	1	1	1	4	9	1	1	1	1	1	6	11	4	1	1	4	12	1	1	8	5	4	12	1	1	5	1	4	12	1	1	1	1	1	1	2	9	6	11	6	11	1	1	12	9
	26	26	JAN	7	6	3	2	1	1	7	9	4	12	1	1	1	1	1	1	2	3	1	1	1	1	1	2	7	4	1	1	4	9	1	1	8	5	4	12	1	1	1	1	4	9	1	1	1	1	1	1	2	1	2	1	2	11	1	1	2	1
	27	27	JAN	10	6	3	2	1	1	10	9	4	12	1	1	1	1	1	1	10	3	1	1	1	1	1	2	8	2	1	1	4	9	1	1	8	5	4	12	1	1	1	1	4	9	1	1	1	1	1	1	2	5	2	11	2	11	1	1	10	9
	28	28	JAN	8	2	3	2	1	1	8	9	4	12	1	1	1	1	1	1	10	3	1	1	1	1	1	2	8	2	1	1	6	1	1	1	8	5	4	12	1	1	1	1	6	1	1	1	1	1	1	1	2	3	2	3	2	3	1	1	10	3
	29	29	JAN	3	4	3	2	1	1	10	9	4	12	1	1	1	1	1	1	10	3	1	1	1	1	1	4	3	4	1	1	7	5	1	1	8	5	4	12	1	1	1	1	7	5	1	1	1	1	1	1	2	3	2	3	2	3	1	1	10	3
	30	30	JAN	10	4	3	4	1	1	10	5	4	12	1	1	1	1	1	1	10	6	1	1	1	1	3	2	3	9	1	1	10	1	1	1	8	5	4	12	1	1	1	1	10	1	1	1	1	1	1	1	2	3	2	3	4	3	1	1	10	5
	31	31	JAN	10	4	3	4	1	1	10	12	4	12	1	1	1	1	1	1	10	5	1	1	1	1	3	8	8	10	1	1	3	12	1	1	8	5	4	12	1	1	1	1	3	12	1	1	1	1	1	1	2	6	4	3	4	3	1	1	10	6
	32	01	FEB	10	4	3	7	1	1	10	9	4	10	1	1	1	1	1	1	10	5	1	1	1	1	3	4	12	9	1	1	3	8	1	1	8	5	4	10	1	1	1	1	3	8	1	1	1	1	1	1	10	5	4	3	4	3	1	1	10	4
	33	02	FEB	10	8	3	8	1	1	3	8	4	10	1	1	1	1	1	1	10	5	1	1	1	1	1	8	5	11	1	1	4	8	1	1	8	5	4	10	1	1	1	1	4	8	1	1	1	1	1	1	10	5	4	5	4	6	1	1	10	5
	34	03	FEB	12	8	3	8	1	1	7	8	4	10	1	1	1	1	1	1	10	5	1	1	1	1	1	8	12	8	1	1	2	5	1	1	8	5	4	10	1	1	1	1	2	5	1	1	1	1	1	1	10	5	8	5	8	3	1	1	10	6
	35	04	FEB	10	8	3	8	1	1	11	8	4	10	1	1	1	1	1	1	10	4	1	1	1	1	1	8	12	10	1	1	4	5	1	1	8	5	4	10	1	1	1	1	4	5	1	1	1	1	1	1	10	5	8	5	8	11	1	1	10	6
	36	05	FEB	12	8	12	3	1	1	11	8	4	10	1	1	1	1	1	1	10	4	1	1	1	1	1	9	12	8	1	1	9	6	1	1	8	5	4	10	1	1	1	1	9	6	1	1	1	1	1	1	10	5	9	11	9	12	1	1	10	6
	37	06	FEB	12	9	12	9	1	1	11	8	4	10	1	1	1	1	1	1	10	4	1	1	1	1	2	9	12	8	1	1	11	8	1	1	8	5	4	10	1	1	1	1	11	8	1	1	1	1	1	1	9	6	9	12	9	12	1	1	10	6
	38	07	FEB	10	9	12	3	1	1	11	9	4	10	1	1	1	1	1	1	10	4	1	1	1	1	6	9	12	7	1	1	6	8	1	1	8	5	4	10	1	1	1	1	6	8	1	1	1	1	1	1	10	6	9	12	9	12	1	1	10	9
	39	08	FEB	10	9	12	3	1	1	11	8	4	10	1	1	1	1	1	1	10	4	1	1	1	1	4	9	12	8	1	1	11	3	1	1	8	5	4	10	1	1	1	1	11	3	1	1	1	1	1	1	10	12	9	12	9	12	1	1	10	12
	40	09	FEB	10	5	12	3	1	1	11	8	4	10	1	1	1	1	1	1	10	4	1	1	1	1	1	9	12	5	1	1	2	10	1	1	8	5	4	10	1	1	1	1	2	10	1	1	1	1	1	1	10	2	9	12	9	12	1	1	10	12
	41	10	FEB	10	9	3	9	1	1	11	8	4	10	1	1	1	1	1	1	10	4	1	1	1	1	1	9	12	8	1	1	3	8	1	1	8	5	4	10	1	1	1	1	3	8	1	1	1	1	1	1	10	4	9	12	9	12	1	1	10	12
	42	11	FEB	3	9	3	9	1	1	7	8	4	10	1	1	1	1	1	1	8	4	1	1	1	1	1	9	7	8	1	1	1	5	1	1	8	5	4	10	1	1	1	1	1	5	1	1	1	1	1	1	9	6	9	7	9	7	1	1	10	12
	43	12	FEB	10	9	3	9	1	1	6	9	4	10	1	1	1	1	1	1	8	3	1	1	1	1	1	9	3	9	1	1	4	5	1	1	8	5	4	10	1	1	1	1	4	5	1	1	1	1	1	1	5	4	9	6	9	6	1	1	8	12
	44	13	FEB	10	9	3	9	1	1	3	9	4	10	1	1	1	1	1	1	8	3	1	1	1	1	1	9	10	9	1	1	11	1	1	1	8	6	4	10	1	1	1	1	11	1	1	1	1	1	1	1	5	4	9	7	9	10	1	1	8	12
	45	14	FEB	3	1	12	9	1	1	3	1	4	10	1	1	1	1	1	1	6	2	1	1	1	1	2	9	3	11	1	1	10	1	1	1	8	6	4	10	1	1	1	1	10	1	1	1	1	1	1	1	5	7	9	10	9	10	1	1	5	12
	46	15	FEB	10	9	3	9	1	1	3	1	4	10	1	1	1	1	1	1	8	2	1	1	1	1	2	9	10	11	1	1	2	1	1	1	8	6	4	10	1	1	1	1	2	1	1	1	1	1	1	1	5	2	9	10	9	10	1	1	8	1
	47	16	FEB	10	1	3	9	1	1	10	1	4	10	1	1	1	1	1	1	6	3	1	1	1	1	2	9	10	1	1	1	2	1	1	1	8	6	4	10	1	1	1	1	2	1	1	1	1	1	1	1	5	1	4	10	9	10	1	1	8	1
	48	17	FEB	10	1	3	4	1	1	10	1	4	10	1	1	1	1	1	1	8	10	1	1	1	1	1	1	10	1	1	1	9	7	1	1	8	6	4	10	1	1	1	1	9	7	1	1	1	1	1	1	4	1	5	10	5	10	1	1	8	1
	49	18	FEB	10	1	3	7	1	1	10	1	4	10	1	1	1	1	1	1	7	3	1	1	1	1	1	1	10	7	1	1	9	10	1	1	8	6	4	10	1	1	1	1	9	10	1	1	1	1	1	1	12	1	12	10	12	10	1	1	7	1
	50	19	FEB	10	1	3	4	1	1	3	1	4	10	1	1	1	1	1	1	7	3	1	1	1	1	1	4	10	7	1	1	11	5	1	1	8	6	4	10	1	1	1	1	11	5	1	1	1	1	1	1	7	10	4	10	4	10	1	1	7	1
	51	20	FEB	10	1	3	2	1	1	10	1	4	10	1	1	1	1	1	1	7	3	1	1	1	1	3	11	10	12	1	1	9	5	1	1	8	6	4	10	1	1	1	1	9	5	1	1	1	1	1	1	7	3	12	10	4	10	1	1	7	1
	52	21	FEB	10	11	3	6	1	1	10	1	4	10	1	1	1	1	1	1	7	3	1	1	1	1	3	11	10	7	1	1	3	1	1	1	8	6	4	10	1	1	1	1	3	1	1	1	1	1	1	1	4	3	11	10	11	10	1	1	8	2
	53	22	FEB	10	2	3	4	1	1	10	5	4	10	1	1	1	1	1	1	7	3	1	1	1	1	3	11	10	1	1	1	12	7	1	1	8	6	4	10	1	1	1	1	12	7	1	1	1	1	1	1	4	3	4	3	4	10	1	1	8	3
	54	23	FEB	10	2	3	2	1	1	10	2	4	10	1	1	1	1	1	1	8	3	1	1	1	1	1	2	10	6	1	1	1	12	1	1	8	6	4	10	1	1	1	8	1	12	1	1	1	1	1	1	8	3	2	3	2	3	1	1	8	3
	55	24	FEB	10	2	3	6	1	1	10	6	4	10	1	1	1	1	1	1	8	3	1	1	1	1	1	6	10	6	1	1	1	6	1	1	8	6	4	10	1	1	1	8	1	6	1	1	1	1	1	1	8	3	2	3	2	10	1	1	11	3
	56	25	FEB	10	6	3	6	1	1	11	6	4	10	1	1	1	1	1	1	8	2	1	1	1	1	1	6	10	6	1	1	4	10	1	1	8	6	4	10	1	1	1	1	4	10	1	1	1	1	1	1	8	3	6	10	6	3	1	1	8	5
	57	26	FEB	10	6	3	6	1	1	10	6	4	10	1	1	1	1	1	1	3	2	1	1	1	1	1	1	10	4	1	1	4	1	1	1	8	12	4	10	1	1	1	1	4	1	1	1	1	1	1	1	10	3	6	7	6	10	1	1	10	5
	58	27	FEB	10	5	3	6	1	1	11	6	4	10	1	1	1	1	1	1	1	2	1	1	1	1	1	6	10	1	1	1	2	6	1	1	8	12	4	10	1	1	1	1	2	6	1	1	1	1	1	1	11	3	6	10	6	10	1	1	11	4
	59	28	FEB	10	5	12	11	1	1	10	5	4	10	1	1	1	1	1	1	1	2	1	1	1	1	2	11	10	1	1	1	10	5	1	1	8	12	4	10	1	1	1	8	10	8	1	1	1	1	1	1	8	7	11	10	11	10	1	1	8	4
	60	01	MAR	10	9	1	11	1	1	10	5	4	1	1	1	1	1	1	1	3	2	1	1	1	1	1	11	10	3	1	1	10	8	1	1	8	12	4	1	1	1	1	8	10	8	1	1	1	1	1	1	8	4	11	10	11	10	1	1	8	4
	61	02	MAR	10	9	1	9	1	1	10	9	4	1	1	1	1	1	1	1	3	2	1	1	1	1	1	1	10	9	1	1	6	9	1	1	8	12	4	1	1	1	1	8	6	8	1	1	1	1	1	1	8	4	9	10	11	10	1	1	6	4
	62	03	MAR	10	2	12	9	1	1	10	2	4	1	1	1	1	1	1	1	3	4	1	1	1	1	1	1	10	2	1	1	11	2	1	1	8	12	4	1	1	1	1	8	11	8	1	1	1	1	1	1	6	4	2	10	2	10	1	1	6	4
	63	04	MAR	1	2	3	6	1	1	1	2	4	1	1	1	1	1	1	1	3	4	1	1	1	1	1	1	7	9	1	1	11	10	1	1	8	12	4	1	1	1	1	8	11	10	1	1	1	1	1	1	6	4	6	1	6	1	1	1	6	4
	64	05	MAR	7	2	3	6	1	1	7	2	4	1	1	1	1	1	1	1	3	5	1	1	1	1	1	1	7	2	1	1	2	9	1	1	8	12	4	1	1	1	1	8	2	8	1	1	1	1	1	1	3	4	2	7	2	7	1	1	6	4
	65	06	MAR	10	9	12	6	1	1	10	8	4	1	1	1	1	1	1	1	3	5	1	1	1	1	1	1	10	9	1	1	3	1	1	1	8	12	4	1	1	1	1	8	3	8	1	1	1	1	1	1	3	4	11	7	2	7	1	1	6	4
	66	07	MAR	1	8	3	11	1	1	3	5	4	1	1	1	1	1	1	1	3	5	1	1	1	1	1	11	10	8	1	1	3	5	1	1	8	12	4	1	1	1	1	8	3	8	1	1	1	1	1	1	6	7	8	7	2	7	1	1	6	5
	67	08	MAR	3	12	3	6	1	1	3	5	4	1	1	1	1	1	1	1	6	5	1	1	1	1	1	6	3	8	1	1	12	5	1	1	8	12	4	1	1	1	1	8	12	8	1	1	1	1	1	1	6	4	8	3	8	7	1	1	6	12
	68	09	MAR	3	10	3	10	1	1	4	10	4	1	1	1	1	1	1	1	6	5	1	1	1	1	1	1	12	8	1	1	11	8	1	1	8	12	4	1	1	1	1	8	11	8	1	1	1	1	1	1	8	12	9	4	8	4	1	1	8	12
	69	10	MAR	4	10	3	9	1	1	4	1	4	1	1	1	1	1	1	1	6	5	1	1	1	1	1	1	4	6	1	1	6	7	1	1	8	12	4	1	1	1	1	8	6	7	1	1	1	1	1	1	2	12	2	4	2	4	1	1	6	9
	70	11	MAR	4	11	3	9	1	1	4	1	4	1	1	1	1	1	1	1	2	5	1	1	1	1	1	1	5	3	1	1	2	1	1	1	8	12	4	1	1	1	1	8	2	8	1	1	1	1	1	1	2	7	10	7	11	4	1	1	1	9
	71	12	MAR	6	11	3	9	1	1	6	11	4	1	1	1	1	1	1	1	3	5	1	1	1	1	1	1	5	3	1	1	4	10	1	1	8	12	4	1	1	1	1	8	4	10	1	1	1	1	1	1	4	5	11	7	11	7	1	1	1	12
	72	13	MAR	6	11	3	4	1	1	6	5	4	1	1	1	1	1	1	1	3	12	1	1	1	1	1	1	6	3	1	1	4	1	1	1	8	12	4	1	1	1	1	8	4	8	1	1	1	1	1	1	4	5	8	6	8	6	1	1	1	12
	73	14	MAR	1	12	12	7	1	1	1	5	4	1	1	1	1	1	1	1	3	12	1	1	1	1	1	1	1	3	1	1	12	5	1	1	8	12	4	1	1	1	1	8	12	8	1	1	1	1	1	1	8	12	8	1	8	1	1	1	1	12
	74	15	MAR	1	5	12	7	1	1	1	5	4	1	1	1	1	1	1	1	8	12	1	1	1	1	1	1	1	3	1	1	6	5	1	1	8	12	4	1	1	1	1	8	6	8	1	1	1	1	1	1	8	3	8	1	5	1	1	1	8	12
	75	16	MAR	8	5	3	7	1	1	8	5	4	1	1	1	1	1	1	1	2	12	1	1	1	1	1	1	1	5	1	1	2	12	1	1	8	12	4	1	1	1	1	8	2	8	1	1	1	1	1	1	7	1	5	1	5	1	1	1	8	12
	76	17	MAR	1	5	3	9	1	1	8	5	4	1	1	1	1	1	1	1	2	12	1	1	1	1	1	1	1	5	1	1	6	12	1	1	8	12	4	1	1	1	1	8	6	12	1	1	1	1	1	1	4	1	5	1	5	1	1	1	1	12
	77	18	MAR	1	5	1	9	1	1	1	5	4	1	1	1	1	1	1	1	3	10	1	1	1	1	1	1	1	5	1	1	3	6	1	1	8	12	4	1	1	1	1	8	3	8	1	1	1	1	1	1	8	10	5	1	5	1	1	1	1	12
	78	19	MAR	1	5	3	9	1	1	1	5	4	1	1	1	1	1	1	1	2	10	1	1	1	1	1	1	1	5	1	1	1	6	1	1	8	12	4	1	1	1	1	8	1	8	1	1	1	1	1	1	6	10	5	1	5	1	1	1	1	12
	79	20	MAR	1	5	3	9	1	1	3	5	4	1	1	1	1	1	1	1	2	1	1	1	1	1	1	1	1	5	1	1	4	12	1	1	8	12	4	1	1	1	1	8	4	12	1	1	1	1	1	1	8	1	8	1	8	1	1	1	1	12
	80	21	MAR	1	5	3	9	1	1	3	5	4	1	1	1	1	1	1	1	2	1	1	1	1	1	1	1	1	5	1	1	4	8	1	1	8	12	4	1	1	1	1	8	4	8	1	1	1	1	1	1	8	1	5	1	8	1	1	1	1	12
	81	22	MAR	1	11	3	2	1	1	3	5	4	1	1	1	1	1	1	1	2	1	1	1	1	1	1	1	1	11	1	1	3	8	1	1	8	12	4	1	1	1	1	8	3	8	1	1	1	1	1	1	2	1	6	1	5	1	1	1	1	3
	82	23	MAR	3	11	3	9	1	1	3	8	4	1	1	1	1	1	1	1	2	1	1	1	1	1	1	1	1	11	1	1	9	10	1	1	8	12	4	1	1	1	1	8	9	8	1	1	1	1	1	1	2	1	7	1	5	1	1	1	1	12
	83	24	MAR	1	8	3	9	1	1	3	8	4	1	1	1	1	1	1	1	2	1	1	1	1	1	1	1	1	11	1	1	2	10	1	1	8	12	4	1	1	1	1	8	2	8	1	1	1	1	1	1	7	1	7	1	7	1	1	1	1	12
	84	25	MAR	1	5	3	9	1	1	6	5	4	1	1	1	1	1	1	1	7	4	1	1	1	1	1	1	1	5	1	1	4	8	1	1	8	12	4	1	1	1	1	8	4	8	1	1	1	1	1	1	7	4	7	1	7	1	1	1	1	12
	85	26	MAR	1	4	3	9	1	1	1	12	4	1	1	1	1	1	1	1	7	4	1	1	1	1	1	1	1	10	1	1	4	6	1	1	8	12	4	1	1	1	1	8	4	8	1	1	1	1	1	1	7	4	7	1	7	1	1	1	1	12
	86	27	MAR	1	3	3	7	1	1	2	9	4	1	1	1	1	1	1	1	7	9	1	1	1	1	1	1	1	7	1	1	11	1	1	1	8	12	4	1	1	1	1	8	11	8	1	1	1	1	1	1	7	4	7	1	7	1	1	1	1	11
	87	28	MAR	1	9	3	10	1	1	1	9	4	1	1	1	1	1	1	1	7	2	1	1	1	1	1	1	1	10	1	1	2	12	1	1	8	12	4	1	1	1	1	8	2	8	1	1	1	1	1	1	7	4	9	1	7	1	1	1	1	11
	88	29	MAR	1	4	11	4	1	1	1	9	4	1	1	1	1	1	1	1	7	4	1	1	1	1	1	1	1	4	1	1	1	5	1	1	8	12	4	1	1	1	1	8	1	5	1	1	1	1	1	1	7	4	7	1	7	1	1	1	1	4
	89	30	MAR	1	4	3	9	1	1	1	4	4	1	1	1	1	1	1	1	3	2	1	1	1	1	1	1	1	5	1	1	6	8	1	1	8	12	4	1	1	1	1	8	6	8	1	1	1	1	1	1	1	2	4	11	9	1	1	1	1	4
	90	31	MAR	1	2	3	9	1	1	1	12	4	1	1	1	1	1	1	1	3	4	1	1	1	1	1	1	1	3	1	1	11	7	1	1	8	12	4	1	1	1	1	8	11	8	1	1	1	1	1	1	1	4	12	10	9	1	1	1	1	4
	91	01	APR	1	12	3	9	1	1	10	2	11	1	1	1	1	1	1	1	10	4	1	1	1	1	1	1	1	12	1	1	1	2	1	1	8	12	11	1	1	1	1	8	1	8	1	1	1	1	1	1	1	2	12	5	12	5	1	1	1	4
	92	02	APR	1	9	1	9	1	1	1	9	11	1	1	1	1	1	1	1	3	2	1	1	1	1	1	1	1	3	1	1	1	5	1	1	8	12	11	1	1	1	1	8	1	8	1	1	1	1	1	1	10	9	4	5	4	1	1	1	1	4
	93	03	APR	1	3	3	9	1	1	1	8	11	1	1	1	1	1	1	1	3	2	1	1	1	1	1	1	1	3	1	1	3	7	1	1	8	12	11	1	1	1	1	8	3	8	1	1	1	1	1	1	1	9	4	1	4	1	1	1	1	4
	94	04	APR	1	12	3	4	1	1	1	4	11	1	1	1	1	1	1	1	3	1	1	1	1	1	1	1	1	12	1	1	12	3	1	1	8	12	11	1	1	1	1	8	12	8	1	1	1	1	1	1	10	9	12	1	4	1	1	1	1	8
	95	05	APR	1	4	3	4	1	1	1	4	11	1	1	1	1	1	1	1	8	1	1	1	1	1	1	1	1	8	1	1	2	9	1	1	8	12	11	1	1	1	1	8	2	9	1	1	1	1	1	1	1	7	4	1	4	1	1	1	1	4
	96	06	APR	1	4	3	9	1	1	11	8	11	1	1	1	1	1	1	1	8	1	1	1	1	1	1	1	1	8	1	1	4	10	1	1	8	12	11	1	1	1	1	8	4	8	1	1	1	1	1	1	8	3	4	1	4	1	1	1	1	4
	97	07	APR	1	4	1	9	1	1	7	6	11	1	1	1	1	1	1	1	3	1	1	1	1	1	1	1	1	4	1	1	11	12	1	1	8	12	11	1	1	1	1	8	11	8	1	1	1	1	1	1	11	3	4	1	4	1	1	1	1	12
	98	08	APR	7	4	1	9	1	1	7	4	11	1	1	1	1	1	1	1	3	1	1	1	1	1	1	1	1	4	1	1	1	8	1	1	8	12	11	1	1	1	1	8	1	8	1	1	1	1	1	1	11	1	4	1	4	1	1	1	7	4
	99	09	APR	7	4	1	9	1	1	7	4	11	1	1	1	1	1	1	1	3	1	1	1	1	1	1	1	1	4	1	1	4	10	1	1	8	12	11	1	1	1	1	8	4	8	1	1	1	1	1	1	10	1	10	1	10	1	1	1	7	12
	100	10	APR	7	4	3	9	1	1	7	12	11	1	1	1	1	1	1	1	10	1	1	1	1	1	1	1	6	4	1	1	4	12	1	1	8	12	11	1	1	1	1	8	4	8	1	1	1	1	1	1	10	12	10	6	10	6	1	1	7	12
	101	11	APR	6	4	3	9	1	1	7	12	11	1	1	1	1	1	1	1	5	1	1	1	1	1	1	1	6	4	1	1	11	1	1	1	8	12	11	1	1	1	1	8	11	8	1	1	1	1	1	1	11	1	4	1	4	6	1	1	6	12
	102	12	APR	6	2	3	9	1	1	6	2	11	1	1	1	1	1	1	1	5	1	1	1	1	1	1	1	6	2	1	1	3	9	1	1	8	12	11	1	1	1	1	8	3	8	1	1	1	1	1	1	11	2	2	6	4	6	1	1	6	4
	103	13	APR	6	4	3	9	1	1	11	4	11	1	1	1	1	1	1	1	5	1	1	1	1	1	1	1	6	8	1	1	6	1	1	1	8	12	11	1	1	1	1	8	6	8	1	1	1	1	1	1	5	4	10	12	10	6	1	1	6	4
	104	14	APR	6	4	6	4	1	1	6	4	11	1	1	1	1	1	1	1	5	1	1	1	1	1	1	1	6	3	1	1	6	1	1	1	8	12	11	1	1	1	1	8	6	8	1	1	1	1	1	1	5	4	10	6	10	6	1	1	6	4
	105	15	APR	6	4	6	4	1	1	6	4	11	1	1	1	1	1	1	1	5	1	1	1	1	1	1	1	6	5	1	1	6	2	1	1	8	12	11	1	1	1	1	8	6	8	1	1	1	1	1	1	11	4	10	6	10	6	1	1	9	2
	106	16	APR	6	10	6	9	1	1	11	1	11	1	1	1	1	1	1	1	5	4	1	1	1	1	1	1	6	10	1	1	6	5	1	1	8	12	11	1	1	1	1	8	6	8	1	1	1	1	1	1	10	1	10	3	10	3	1	1	6	2
	107	17	APR	6	10	11	4	1	1	6	1	11	1	1	1	1	1	1	1	2	4	1	1	1	1	1	1	6	10	1	1	4	7	1	1	8	12	11	1	1	1	1	8	4	8	1	1	1	1	1	1	10	4	10	6	10	9	1	1	6	10
	108	18	APR	9	8	3	10	1	1	11	8	11	1	1	1	1	1	1	1	10	7	1	1	1	1	1	1	9	10	1	1	4	1	1	1	8	12	11	1	1	1	1	8	4	1	1	1	1	1	1	1	10	7	10	9	10	7	1	1	6	2
	109	19	APR	9	10	3	7	1	1	9	1	11	1	1	1	1	1	1	1	10	7	1	1	1	1	1	1	9	10	1	1	4	7	1	1	8	12	11	1	1	1	1	8	4	8	1	1	1	1	1	1	10	7	10	9	10	9	1	1	9	10
	110	20	APR	9	10	9	4	1	1	9	10	11	1	1	1	1	1	1	1	5	7	1	1	1	1	1	1	9	10	1	1	9	6	1	1	8	12	11	1	1	1	1	8	9	6	1	1	1	1	1	1	2	1	10	1	10	7	1	1	9	10
	111	21	APR	5	10	5	4	1	1	5	10	11	1	1	1	1	1	1	1	5	7	1	1	1	1	1	1	5	10	1	1	5	10	1	1	8	12	11	1	1	1	1	8	5	8	1	1	1	1	1	1	2	7	2	11	10	11	1	1	5	10
	112	22	APR	5	10	5	4	1	1	5	10	11	1	1	1	1	1	1	1	5	7	1	1	1	1	1	1	5	10	1	1	5	10	1	1	8	11	11	1	1	1	1	8	5	10	1	1	1	1	1	1	2	7	10	5	10	5	1	1	5	10
	113	23	APR	5	10	5	9	1	1	5	10	11	1	1	1	1	1	1	1	2	7	1	1	1	1	1	1	5	10	1	1	9	6	1	1	8	11	11	1	1	1	1	8	9	6	1	1	1	1	1	1	2	7	10	5	10	5	1	1	5	10
	114	24	APR	5	4	5	9	1	1	5	10	11	1	1	1	1	1	1	1	2	7	1	1	1	1	1	1	5	4	1	1	8	10	1	1	8	11	11	1	1	1	1	8	11	10	1	1	1	1	1	1	2	7	2	5	10	5	1	1	5	10
	115	25	APR	5	3	5	9	1	1	5	10	11	1	1	1	1	1	1	1	2	7	1	1	1	1	1	1	5	4	1	1	4	7	1	1	8	11	11	1	1	1	1	8	4	8	1	1	1	1	1	1	2	7	2	5	10	5	1	1	5	10
	116	26	APR	5	6	5	9	1	1	5	6	11	1	1	1	1	1	1	1	6	1	1	1	1	1	1	1	5	6	1	1	4	1	1	1	8	11	11	1	1	1	1	8	4	8	1	1	1	1	1	1	10	7	10	5	10	5	1	1	5	10
	117	27	APR	5	10	7	9	1	1	5	10	11	1	1	1	1	1	1	1	4	1	1	1	1	1	1	1	5	10	1	1	4	6	1	1	8	11	11	1	1	1	1	8	4	8	1	1	1	1	1	1	10	7	10	7	10	7	1	1	5	10
	118	28	APR	5	3	5	9	1	1	5	1	11	1	1	1	1	1	1	1	6	1	1	1	1	1	1	1	7	3	1	1	6	10	1	1	8	11	11	1	1	1	1	8	6	8	1	1	1	1	1	1	2	8	3	7	10	5	1	1	5	3
	119	29	APR	5	3	7	9	1	1	5	1	11	1	1	1	1	1	1	1	5	1	1	1	1	1	1	1	5	4	1	1	7	9	1	1	8	11	11	1	1	1	1	8	7	9	1	1	1	1	1	1	4	5	4	5	4	5	1	1	5	9
	120	30	APR	5	9	5	9	1	1	5	1	11	1	1	1	1	1	1	1	6	3	1	1	1	1	1	1	3	9	1	1	5	9	1	1	8	12	11	1	1	1	1	8	5	8	1	1	1	1	1	1	4	5	1	5	1	5	1	1	6	9
	121	01	MAY	4	11	3	9	1	1	4	9	11	10	1	1	1	1	1	1	6	3	1	1	1	1	1	1	3	11	1	1	11	10	1	1	8	7	11	10	1	1	1	8	11	8	1	1	1	1	1	1	1	3	11	5	11	5	1	1	2	9
	122	02	MAY	10	11	8	9	1	1	4	9	11	10	1	1	1	1	1	1	6	3	1	1	1	1	1	1	10	11	1	1	7	9	1	1	8	7	11	10	1	1	1	8	7	8	1	1	1	1	1	1	7	5	11	5	11	5	1	1	10	9
	123	03	MAY	10	11	10	9	1	1	3	9	11	10	1	1	1	1	1	1	6	10	1	1	1	1	1	1	10	11	1	1	11	5	1	1	8	7	11	10	1	1	1	8	11	8	1	1	1	1	1	1	7	2	7	5	11	5	1	1	10	9
	124	04	MAY	10	11	10	9	1	1	10	9	11	10	1	1	1	1	1	1	1	8	1	1	1	1	1	1	10	11	1	1	7	8	1	1	8	7	11	10	1	1	1	8	7	8	1	1	1	1	1	1	4	2	4	2	4	5	1	1	10	11
	125	05	MAY	5	11	10	6	1	1	12	9	11	10	1	1	1	1	1	1	1	3	1	1	1	1	1	1	10	11	1	1	12	6	1	1	8	7	11	10	1	1	1	8	12	8	1	1	1	1	1	1	4	2	4	12	4	12	1	1	5	11
	126	06	MAY	12	11	12	11	1	1	12	8	11	10	1	1	1	1	1	1	12	8	1	1	1	1	1	1	12	11	1	1	12	10	1	1	8	7	11	10	1	1	1	8	12	8	1	1	1	1	1	1	4	2	4	12	4	12	1	1	1	11
	127	07	MAY	3	11	3	1	1	1	12	8	11	10	1	1	1	1	1	1	3	2	1	1	1	1	1	1	3	11	1	1	3	10	1	1	3	12	3	10	1	1	3	1	3	10	1	1	1	1	1	1	10	2	3	12	3	12	1	1	3	11
	128	08	MAY	3	11	3	9	1	1	6	8	11	10	1	1	1	1	1	1	3	2	1	1	1	1	1	1	3	11	1	1	3	5	1	1	3	12	3	10	1	1	3	1	3	5	1	1	1	1	1	1	4	2	3	2	3	2	1	1	3	11
	129	09	MAY	3	11	3	9	1	1	4	11	11	10	1	1	1	1	1	1	3	2	1	1	1	1	1	1	3	11	1	1	3	5	1	1	3	12	3	10	1	1	3	1	3	5	1	1	1	1	1	1	1	2	3	2	3	2	1	1	3	11
	130	10	MAY	3	11	3	9	1	1	4	11	11	10	1	1	1	1	1	1	3	2	1	1	1	1	1	1	3	11	1	1	3	5	1	1	3	12	3	10	1	1	3	1	3	5	1	1	1	1	1	1	1	2	3	2	3	2	1	1	3	11
	131	11	MAY	3	11	3	9	1	1	4	11	11	10	1	1	1	1	1	1	3	2	1	1	1	1	1	1	3	11	1	1	3	9	1	1	3	12	3	10	1	1	3	1	3	9	1	1	1	1	1	1	6	2	3	2	3	2	1	1	3	11
	132	12	MAY	3	11	3	11	1	1	5	2	11	10	1	1	1	1	1	1	3	2	1	1	1	1	1	1	3	11	1	1	3	10	1	1	3	12	3	10	1	1	3	1	3	10	1	1	1	1	1	1	6	2	3	2	3	2	1	1	3	11
	133	13	MAY	3	2	3	9	1	1	1	3	11	10	1	1	1	1	1	1	3	2	1	1	1	1	1	1	3	9	1	1	3	10	1	1	3	12	3	10	1	1	3	1	3	10	1	1	1	1	1	1	6	2	3	2	3	2	1	1	3	4
	134	14	MAY	8	3	8	3	1	1	1	3	11	10	1	1	1	1	1	1	1	4	1	1	1	1	1	1	8	3	1	1	7	3	1	1	8	12	11	10	1	1	1	8	7	3	1	1	1	1	1	1	5	7	5	8	5	8	1	1	10	4
	135	15	MAY	10	4	8	4	1	1	1	5	11	10	1	1	1	1	1	1	10	4	1	1	1	1	1	1	8	3	1	1	11	5	1	1	8	12	11	10	1	1	1	8	11	8	1	1	1	1	1	1	6	2	4	8	4	8	1	1	10	4
	136	16	MAY	10	4	8	7	1	1	1	4	11	10	1	1	1	1	1	1	1	12	1	1	1	1	1	1	8	4	1	1	7	5	1	1	8	12	11	10	1	1	1	8	7	8	1	1	1	1	1	1	6	2	4	8	4	8	1	1	1	4
	137	17	MAY	8	4	8	7	1	1	8	4	11	10	1	1	1	1	1	1	1	2	1	1	1	1	1	1	8	4	1	1	11	5	1	1	8	12	11	10	1	1	1	8	11	8	1	1	1	1	1	1	6	2	4	8	4	8	1	1	8	4
	138	18	MAY	1	4	8	4	1	1	1	4	11	10	1	1	1	1	1	1	1	2	1	1	1	1	1	1	8	4	1	1	3	6	1	1	8	12	11	10	1	1	1	8	3	6	1	1	1	1	1	1	6	8	6	8	6	8	1	1	1	4
	139	19	MAY	8	4	8	12	1	1	8	12	11	10	1	1	1	1	1	1	8	4	1	1	1	1	1	1	6	12	1	1	6	5	1	1	8	12	11	10	1	1	1	8	6	5	1	1	1	1	1	1	6	2	6	8	6	8	1	1	1	4
	140	20	MAY	1	11	3	4	1	1	1	4	11	10	1	1	1	1	1	1	1	11	1	1	1	1	1	1	1	11	1	1	1	4	1	1	8	12	11	10	1	1	1	8	1	8	1	1	1	1	1	1	6	3	4	3	4	3	1	1	1	11
	141	21	MAY	8	11	10	4	1	1	8	11	11	10	1	1	1	1	1	1	8	11	1	1	1	1	1	1	2	4	1	1	7	10	1	1	8	12	11	10	1	1	1	8	7	8	1	1	1	1	1	1	6	3	4	8	4	8	1	1	5	11
	142	22	MAY	8	11	10	4	1	1	8	6	11	10	1	1	1	1	1	1	12	3	1	1	1	1	1	1	8	4	1	1	8	3	1	1	8	7	11	10	1	1	1	8	11	3	1	1	1	1	1	1	6	3	6	8	6	8	1	1	5	4
	143	23	MAY	8	11	10	4	1	1	2	11	11	10	1	1	1	1	1	1	4	3	1	1	1	1	1	1	10	11	1	1	7	5	1	1	8	7	11	10	1	1	1	8	7	8	1	1	1	1	1	1	6	2	11	2	11	2	1	1	5	11
	144	24	MAY	5	11	2	4	1	1	2	11	11	10	1	1	1	1	1	1	4	10	1	1	1	1	1	1	2	11	1	1	7	6	1	1	8	7	11	10	1	1	1	8	7	8	1	1	1	1	1	1	6	2	6	2	6	2	1	1	5	11
	145	25	MAY	2	11	2	9	1	1	2	11	11	10	1	1	1	1	1	1	2	9	1	1	1	1	1	1	2	11	1	1	7	9	1	1	8	7	11	10	1	1	1	8	7	8	1	1	1	1	1	1	6	2	11	2	6	2	1	1	5	11
	146	26	MAY	5	11	3	11	1	1	5	11	11	10	1	1	1	1	1	1	5	11	1	1	1	1	1	1	2	11	1	1	3	1	1	1	8	7	11	10	1	1	1	8	3	8	1	1	1	1	1	1	1	2	11	2	11	2	1	1	5	11
	147	27	MAY	5	11	5	11	1	1	5	9	11	10	1	1	1	1	1	1	5	11	1	1	1	1	1	1	2	11	1	1	5	10	1	1	8	7	11	10	1	1	1	8	5	8	1	1	1	1	1	1	1	2	6	2	6	5	1	1	5	11
	148	28	MAY	5	11	5	11	1	1	5	9	11	10	1	1	1	1	1	1	5	11	1	1	1	1	1	1	2	11	1	1	12	8	1	1	8	7	11	10	1	1	1	8	12	8	1	1	1	1	1	1	6	2	1	5	1	5	1	1	5	11
	149	29	MAY	5	11	5	1	1	1	5	1	11	10	1	1	1	1	1	1	5	7	1	1	1	1	1	1	5	11	1	1	12	10	1	1	8	7	11	10	1	1	1	8	12	8	1	1	1	1	1	1	1	2	1	5	1	5	1	1	6	11
	150	30	MAY	5	7	5	7	1	1	5	10	11	10	1	1	1	1	1	1	6	7	1	1	1	1	1	1	5	11	1	1	7	9	1	1	8	7	11	10	1	1	1	8	7	8	1	1	1	1	1	1	1	2	1	5	1	5	1	1	6	1
	151	31	MAY	5	7	5	7	1	1	5	10	11	10	1	1	1	1	1	1	6	4	1	1	1	1	1	1	5	7	1	1	12	10	1	1	8	7	11	10	1	1	1	8	12	8	1	1	1	1	1	1	1	10	7	5	7	5	1	1	6	7
	152	01	JUN	6	1	5	7	1	1	6	10	11	8	1	1	1	1	1	1	6	4	1	1	1	1	1	1	5	1	1	1	11	10	1	1	8	7	11	8	1	1	1	8	11	10	1	1	1	1	1	1	1	10	1	5	1	5	1	1	6	1
	153	02	JUN	5	1	5	1	1	1	5	1	11	8	1	1	1	1	1	1	5	7	1	1	1	1	1	1	2	1	1	1	2	1	1	1	8	7	11	8	1	1	1	8	2	1	1	1	1	1	1	1	1	9	1	5	1	5	1	1	6	1
	154	03	JUN	5	1	5	1	1	1	5	1	11	8	1	1	1	1	1	1	5	4	1	1	1	1	1	1	2	1	1	1	2	1	1	1	8	7	11	8	1	1	1	1	2	1	1	1	1	1	1	1	1	9	1	5	1	5	1	1	6	4
	155	04	JUN	2	4	5	4	1	1	2	10	11	8	1	1	1	1	1	1	2	4	1	1	1	1	1	1	2	4	1	1	2	10	1	1	8	7	11	8	1	1	1	1	2	10	1	1	1	1	1	1	3	9	3	5	1	5	1	1	2	4
	156	05	JUN	8	4	10	4	1	1	2	4	11	8	1	1	1	1	1	1	8	11	1	1	1	1	1	1	2	4	1	1	7	3	1	1	8	7	11	8	1	1	1	1	7	3	1	1	1	1	1	1	6	9	4	8	4	8	1	1	2	4
	157	06	JUN	9	4	9	4	1	1	7	1	11	8	1	1	1	1	1	1	2	11	1	1	1	1	1	1	9	4	1	1	7	10	1	1	8	7	11	8	1	1	1	1	7	10	1	1	1	1	1	1	6	9	4	9	4	9	1	1	2	4
	158	07	JUN	9	12	9	4	1	1	9	12	11	8	1	1	1	1	1	1	9	11	1	1	1	1	1	1	9	4	1	1	11	6	1	1	8	7	11	8	1	1	1	1	11	6	1	1	1	1	1	1	6	10	4	9	4	9	1	1	5	12
	159	08	JUN	5	4	3	4	1	1	3	12	11	8	1	1	1	1	1	1	5	4	1	1	1	1	1	1	3	4	1	1	3	5	1	1	8	7	11	8	1	1	1	1	3	5	1	1	1	1	1	1	5	10	4	10	4	9	1	1	5	4
	160	09	JUN	3	4	10	4	1	1	3	8	11	8	1	1	1	1	1	1	3	4	1	1	1	1	1	1	3	1	1	1	7	2	1	1	8	7	11	8	1	1	1	1	7	2	1	1	1	1	1	1	5	7	6	10	6	10	1	1	5	9
	161	10	JUN	9	1	10	4	1	1	3	8	11	8	1	1	1	1	1	1	9	1	1	1	1	1	1	1	2	4	1	1	2	9	1	1	8	7	11	8	1	1	1	1	2	9	1	1	1	1	1	1	6	7	6	11	6	11	1	1	5	7
	162	11	JUN	9	1	10	4	1	1	9	8	11	8	1	1	1	1	1	1	9	1	1	1	1	1	1	1	1	12	1	1	7	10	1	1	8	7	11	8	1	1	1	1	7	10	1	1	1	1	1	1	6	7	6	11	6	11	1	1	5	7
	163	12	JUN	9	1	9	2	1	1	9	8	11	8	1	1	1	1	1	1	9	1	1	1	1	1	1	1	1	12	1	1	3	8	1	1	8	7	11	8	1	1	1	1	3	8	1	1	1	1	1	1	6	7	6	10	6	10	1	1	2	1
	164	13	JUN	5	12	10	6	1	1	11	8	11	8	1	1	1	1	1	1	5	1	1	1	1	1	1	1	9	12	1	1	11	8	1	1	8	7	11	8	1	1	1	1	11	8	1	1	1	1	1	1	6	10	6	10	6	10	1	1	5	12
	165	14	JUN	4	12	10	6	1	1	4	8	11	8	1	1	1	1	1	1	4	7	1	1	1	1	1	1	9	12	1	1	11	5	1	1	8	7	11	8	1	1	1	1	11	5	1	1	1	1	1	1	6	10	6	10	6	10	1	1	4	7
	166	15	JUN	4	12	10	12	1	1	4	12	11	8	1	1	1	1	1	1	4	5	1	1	1	1	1	1	1	12	1	1	4	5	1	1	8	7	11	8	1	1	1	1	4	5	1	1	1	1	1	1	6	10	12	10	12	10	1	1	6	12
	167	16	JUN	4	12	10	12	1	1	4	8	11	8	1	1	1	1	1	1	4	12	1	1	1	1	1	1	1	12	1	1	2	9	1	1	8	7	11	8	1	1	1	1	2	9	1	1	1	1	1	1	6	10	12	10	12	10	1	1	4	1
	168	17	JUN	10	12	10	12	1	1	4	5	11	8	1	1	1	1	1	1	10	12	1	1	1	1	1	1	1	12	1	1	2	5	1	1	8	7	11	8	1	1	1	1	2	5	1	1	1	1	1	1	6	7	12	10	12	10	1	1	4	5
	169	18	JUN	6	5	10	12	1	1	4	5	11	8	1	1	1	1	1	1	6	5	1	1	1	1	1	1	2	12	1	1	7	10	1	1	8	7	11	8	1	1	7	1	7	10	1	1	1	1	1	1	6	7	12	10	12	10	1	1	4	5
	170	19	JUN	10	11	10	7	1	1	4	5	11	8	1	1	1	1	1	1	10	11	1	1	1	1	1	1	2	11	1	1	3	5	1	1	8	7	11	8	1	1	7	1	3	5	1	1	1	1	1	1	6	7	12	10	12	10	1	1	4	11
	171	20	JUN	10	11	10	11	1	1	4	11	11	8	1	1	1	1	1	1	10	11	1	1	1	1	1	1	2	11	1	1	7	5	1	1	8	7	11	8	1	1	7	1	7	5	1	1	1	1	1	1	8	5	9	10	1	10	1	1	8	11
	172	21	JUN	10	1	10	12	1	1	10	8	11	8	1	1	1	1	1	1	10	11	1	1	1	1	1	1	2	1	1	1	7	5	1	1	8	7	11	8	1	1	7	1	7	5	1	1	1	1	1	1	8	5	1	2	1	10	1	1	10	11
	173	22	JUN	10	1	3	1	1	1	10	8	11	8	1	1	1	1	1	1	10	11	1	1	1	1	1	1	2	1	1	1	11	8	1	1	8	7	11	8	1	1	7	1	7	8	1	1	1	1	1	1	1	11	1	2	1	2	1	1	8	11
	174	23	JUN	10	1	10	1	1	1	2	9	11	8	1	1	1	1	1	1	10	12	1	1	1	1	1	1	2	1	1	1	11	1	1	1	8	7	11	8	1	1	7	1	11	1	1	1	1	1	1	1	1	11	1	2	1	2	1	1	8	9
	175	24	JUN	8	1	10	1	1	1	2	1	11	8	1	1	1	1	1	1	8	1	1	1	1	1	1	1	2	1	1	1	6	9	1	1	8	7	11	8	1	1	7	1	6	9	1	1	1	1	1	1	1	11	1	11	1	11	1	1	8	9
	176	25	JUN	8	1	3	1	1	1	7	1	11	8	1	1	1	1	1	1	8	1	1	1	1	1	1	1	2	1	1	1	2	9	1	1	8	7	11	8	1	1	7	1	2	9	1	1	1	1	1	1	1	11	1	12	1	12	1	1	8	9
	177	26	JUN	8	1	9	1	1	1	8	1	11	8	1	1	1	1	1	1	8	1	1	1	1	1	1	1	5	1	1	1	6	5	1	1	8	7	11	8	1	1	7	1	7	5	1	1	1	1	1	1	1	11	1	12	1	12	1	1	8	1
	178	27	JUN	8	1	9	2	1	1	12	1	11	8	1	1	1	1	1	1	8	9	1	1	1	1	1	1	5	2	1	1	11	10	1	1	8	7	11	8	1	1	7	1	11	10	1	1	1	1	1	1	1	11	1	12	1	12	1	1	8	11
	179	28	JUN	8	1	4	2	1	1	12	9	11	8	1	1	1	1	1	1	8	9	1	1	1	1	1	1	4	2	1	1	12	6	1	1	8	7	11	8	1	1	7	1	12	6	1	1	1	1	1	1	1	12	1	12	1	12	1	1	8	9
	180	29	JUN	8	1	4	2	1	1	4	10	11	8	1	1	1	1	1	1	8	9	1	1	1	1	1	1	4	2	1	1	7	10	1	1	8	7	11	8	1	1	7	1	7	10	1	1	1	1	1	1	1	5	1	12	1	12	1	1	8	9
	181	30	JUN	8	2	4	2	1	1	4	10	11	8	1	1	1	1	1	1	8	10	1	1	1	1	1	1	3	2	1	1	7	8	1	1	8	7	11	8	1	1	7	1	7	8	1	1	1	1	1	1	1	9	1	12	1	12	1	1	2	12
	182	01	JUL	5	2	10	2	1	1	12	2	7	5	1	1	1	1	1	1	5	2	1	1	1	1	1	1	1	2	1	1	1	2	1	1	8	7	7	5	1	1	6	1	1	2	1	1	1	1	1	1	2	9	2	9	2	9	1	1	3	12
	183	02	JUL	5	2	10	2	1	1	12	2	7	5	1	1	1	1	1	1	5	2	1	1	1	1	1	1	1	2	1	1	1	2	1	1	8	7	7	5	1	1	6	2	1	2	1	1	1	1	1	1	2	9	2	5	2	5	1	1	3	12
	184	03	JUL	5	2	4	2	1	1	4	2	7	5	1	1	1	1	1	1	5	11	1	1	1	1	1	1	1	2	1	1	1	2	1	1	8	7	7	5	1	1	5	2	1	2	1	1	1	1	1	1	2	9	2	5	2	5	1	1	3	2
	185	04	JUL	5	7	5	2	1	1	4	6	7	5	1	1	1	1	1	1	3	7	1	1	1	1	1	1	4	2	1	1	4	6	1	1	8	7	7	5	1	1	1	2	7	6	1	1	1	1	1	1	6	9	2	5	6	5	1	1	3	7
	186	05	JUL	12	7	5	2	1	1	12	8	7	5	1	1	1	1	1	1	12	7	1	1	1	1	1	1	5	2	1	1	5	8	1	1	8	7	7	5	1	1	5	2	5	8	1	1	1	1	1	1	6	7	2	12	2	5	1	1	3	7
	187	06	JUL	12	7	10	6	1	1	12	6	7	5	1	1	1	1	1	1	12	7	1	1	1	1	1	1	3	1	1	1	3	6	1	1	8	7	7	5	1	1	5	2	3	10	1	1	1	1	1	1	6	7	6	5	6	5	1	1	3	7
	188	07	JUL	12	6	10	11	1	1	12	6	7	5	1	1	1	1	1	1	12	6	1	1	1	1	1	1	1	11	1	1	2	5	1	1	8	7	7	5	1	1	5	2	2	10	1	1	1	1	1	1	6	5	6	5	6	5	1	1	1	5
	189	08	JUL	12	7	10	7	1	1	12	7	7	5	1	1	1	1	1	1	12	7	1	1	1	1	1	1	1	7	1	1	2	10	1	1	8	7	7	5	1	1	1	2	2	10	1	1	1	1	1	1	6	10	7	12	7	12	1	1	9	5
	190	09	JUL	12	7	10	7	1	1	12	7	7	5	1	1	1	1	1	1	12	7	1	1	1	1	1	1	1	7	1	1	1	5	1	1	8	12	7	5	1	1	1	2	1	5	1	1	1	1	1	1	9	10	3	12	3	12	1	1	9	5
	191	10	JUL	5	7	5	7	1	1	12	6	7	5	1	1	1	1	1	1	5	6	1	1	1	1	1	1	2	11	1	1	11	5	1	1	8	12	7	5	1	1	1	2	11	3	1	1	1	1	1	1	9	10	6	5	6	5	1	1	9	4
	192	11	JUL	12	4	5	4	1	1	12	10	7	5	1	1	1	1	1	1	9	3	1	1	1	1	1	1	5	11	1	1	12	10	1	1	8	12	7	5	1	1	1	2	12	10	1	1	1	1	1	1	6	2	6	5	6	5	1	1	9	4
	193	12	JUL	5	11	5	4	1	1	12	6	7	5	1	1	1	1	1	1	5	3	1	1	1	1	1	1	5	11	1	1	12	10	1	1	8	12	7	5	1	1	1	2	12	10	1	1	1	1	1	1	6	5	6	5	6	5	1	1	9	3
	194	13	JUL	5	3	5	4	1	1	12	6	7	5	1	1	1	1	1	1	5	3	1	1	1	1	1	1	2	11	1	1	7	6	1	1	8	12	7	5	1	1	1	2	7	10	1	1	1	1	1	1	9	5	6	5	6	5	1	1	9	3
	195	14	JUL	5	1	10	1	1	1	12	6	7	5	1	1	1	1	1	1	5	1	1	1	1	1	1	1	2	7	1	1	3	5	1	1	8	12	7	5	1	1	1	2	3	2	1	1	1	1	1	1	9	5	6	5	6	5	1	1	9	3
	196	15	JUL	5	1	10	7	1	1	4	8	7	5	1	1	1	1	1	1	5	1	1	1	1	1	1	1	1	7	1	1	1	8	1	1	8	12	7	5	1	1	1	2	1	8	1	1	1	1	1	1	9	5	9	5	9	5	1	1	11	3
	197	16	JUL	5	7	10	7	1	1	4	8	7	5	1	1	1	1	1	1	5	7	1	1	1	1	1	1	1	7	1	1	12	7	1	1	8	12	7	5	1	1	1	2	12	4	1	1	1	1	1	1	4	5	9	5	7	5	1	1	11	3
	198	17	JUL	5	7	10	7	1	1	11	8	7	5	1	1	1	1	1	1	5	7	1	1	1	1	1	1	1	7	1	1	11	6	1	1	8	12	7	5	1	1	1	2	11	2	1	1	1	1	1	1	4	3	7	5	7	5	1	1	11	7
	199	18	JUL	6	8	5	1	1	1	11	8	7	5	1	1	1	1	1	1	6	8	1	1	1	1	1	1	2	9	1	1	11	8	1	1	8	5	7	5	1	1	1	2	11	8	1	1	1	1	1	1	11	7	12	5	12	5	1	1	11	7
	200	19	JUL	6	8	3	12	1	1	11	8	7	5	1	1	1	1	1	1	6	8	1	1	1	1	1	1	2	12	1	1	7	8	1	1	8	5	7	5	1	1	1	2	7	8	1	1	1	1	1	1	1	3	12	6	12	6	1	1	11	3
	201	20	JUL	6	8	4	12	1	1	4	8	7	5	1	1	1	1	1	1	6	8	1	1	1	1	1	1	1	12	1	1	7	8	1	1	8	5	7	5	1	1	1	2	7	8	1	1	1	1	1	1	11	3	12	6	12	6	1	1	1	3
	202	21	JUL	6	12	10	12	1	1	4	8	7	5	1	1	1	1	1	1	6	12	1	1	1	1	1	1	1	1	1	1	8	5	1	1	8	5	7	5	1	1	1	2	8	10	1	1	1	1	1	1	11	6	9	6	9	6	1	1	1	4
	203	22	JUL	4	12	10	12	1	1	4	12	7	5	1	1	1	1	1	1	4	12	1	1	1	1	1	1	1	1	1	1	7	12	1	1	8	5	7	5	1	1	1	2	7	12	1	1	1	1	1	1	11	7	12	7	12	7	1	1	1	4
	204	23	JUL	4	12	10	12	1	1	4	3	7	5	1	1	1	1	1	1	4	12	1	1	1	1	1	1	1	3	1	1	8	6	1	1	8	5	7	5	1	1	1	3	8	2	1	1	1	1	1	1	11	5	12	4	12	4	1	1	1	4
	205	24	JUL	6	3	4	12	1	1	4	3	7	5	1	1	1	1	1	1	6	3	1	1	1	1	1	1	1	3	1	1	8	10	1	1	8	5	7	5	1	1	1	3	8	9	1	1	1	1	1	1	11	5	11	4	11	4	1	1	1	3
	206	25	JUL	6	3	4	12	1	1	7	3	7	5	1	1	1	1	1	1	6	11	1	1	1	1	1	1	1	3	1	1	2	5	1	1	8	5	7	5	1	1	1	3	2	8	1	1	1	1	1	1	11	4	11	4	11	4	1	1	8	3
	207	26	JUL	4	3	4	3	1	1	7	3	7	5	1	1	1	1	1	1	4	11	1	1	1	1	1	1	1	3	1	1	7	5	1	1	8	5	7	5	1	1	1	3	7	8	1	1	1	1	1	1	11	4	3	4	11	4	1	1	8	3
	208	27	JUL	7	3	4	3	1	1	7	3	7	5	1	1	1	1	1	1	7	3	1	1	1	1	1	1	1	3	1	1	11	3	1	1	8	5	7	5	1	1	1	3	11	3	1	1	1	1	1	1	11	4	3	4	3	4	1	1	5	3
	209	28	JUL	9	3	4	3	1	1	7	10	7	5	1	1	1	1	1	1	9	3	1	1	1	1	1	1	1	3	1	1	11	8	1	1	8	5	7	5	1	1	1	3	11	8	1	1	1	1	1	1	8	4	3	4	3	4	1	1	8	7
	210	29	JUL	6	3	10	3	1	1	4	10	7	5	1	1	1	1	1	1	6	3	1	1	1	1	1	1	1	3	1	1	12	10	1	1	8	5	7	5	1	1	1	3	12	10	1	1	1	1	1	1	8	5	8	4	8	4	1	1	8	7
	211	30	JUL	6	3	4	3	1	1	9	3	7	5	1	1	1	1	1	1	6	12	1	1	1	1	1	1	1	3	1	1	4	3	1	1	8	5	7	5	1	1	1	3	4	3	1	1	1	1	1	1	8	5	10	9	10	9	1	1	8	12
	212	31	JUL	8	3	9	3	1	1	9	3	7	5	1	1	1	1	1	1	8	3	1	1	1	1	1	1	1	3	1	1	7	3	1	1	8	5	7	5	1	1	1	3	7	3	1	1	1	1	1	1	8	3	3	9	10	9	1	1	8	3
	213	01	AUG	8	12	9	10	1	1	8	10	12	8	1	1	1	1	1	1	8	12	1	1	1	1	1	1	6	10	1	1	7	3	1	1	8	5	12	8	1	1	1	3	7	3	1	1	1	1	1	1	6	4	10	8	10	8	1	1	8	12
	214	02	AUG	8	10	9	10	1	1	8	10	12	8	1	1	1	1	1	1	8	12	1	1	1	1	1	1	5	10	1	1	3	10	1	1	8	5	12	8	1	1	1	3	3	10	1	1	1	1	1	1	6	4	10	8	10	8	1	1	8	10
	215	03	AUG	8	12	9	10	1	1	8	10	12	8	1	1	1	1	1	1	8	12	1	1	1	1	1	1	1	10	1	1	3	10	1	1	8	5	12	8	1	1	1	3	3	10	1	1	1	1	1	1	8	12	10	6	10	6	1	1	8	12
	216	04	AUG	8	11	3	10	1	1	8	11	12	8	1	1	1	1	1	1	8	11	1	1	1	1	1	1	1	10	1	1	3	5	1	1	8	5	12	8	1	1	1	3	3	9	1	1	1	1	1	1	10	12	10	8	10	8	1	1	8	11
	217	05	AUG	8	11	3	10	1	1	8	11	12	8	1	1	1	1	1	1	8	11	1	1	1	1	1	1	1	1	1	1	3	6	1	1	8	5	12	8	1	1	1	3	3	6	1	1	1	1	1	1	10	3	10	8	10	8	1	1	8	9
	218	06	AUG	8	11	3	7	1	1	8	11	12	8	1	1	1	1	1	1	8	11	1	1	1	1	1	1	2	7	1	1	4	5	1	1	8	5	12	8	1	1	1	3	4	9	1	1	1	1	1	1	10	3	7	8	7	8	1	1	8	11
	219	07	AUG	8	11	3	10	1	1	8	11	12	8	1	1	1	1	1	1	8	11	1	1	1	1	1	1	2	1	1	1	7	10	1	1	8	5	12	8	1	1	1	3	7	10	1	1	1	1	1	1	10	3	7	8	7	8	1	1	8	11
	220	08	AUG	8	12	9	10	1	1	8	11	12	8	1	1	1	1	1	1	8	11	1	1	1	1	1	1	3	1	1	1	7	5	1	1	4	5	12	8	1	1	1	3	7	5	1	1	1	1	1	1	10	8	10	8	7	8	1	1	8	11
	221	09	AUG	8	10	3	10	1	1	8	10	12	8	1	1	1	1	1	1	8	11	1	1	1	1	1	1	3	10	1	1	7	5	1	1	4	5	12	8	1	1	1	3	7	5	1	1	1	1	1	1	5	3	10	8	10	8	1	1	8	10
	222	10	AUG	8	7	9	10	1	1	8	10	12	8	1	1	1	1	1	1	8	7	1	1	1	1	1	1	5	10	1	1	11	10	1	1	4	5	12	8	1	1	1	3	11	9	1	1	1	1	1	1	10	9	10	8	10	8	1	1	4	7
	223	11	AUG	8	12	3	1	1	1	8	1	12	8	1	1	1	1	1	1	8	12	1	1	1	1	1	1	2	1	1	1	11	1	1	1	4	5	12	8	1	1	1	3	11	1	1	1	1	1	1	1	5	3	5	8	5	8	1	1	10	11
	224	12	AUG	8	12	10	12	1	1	8	1	12	8	1	1	1	1	1	1	8	12	1	1	1	1	1	1	2	12	1	1	5	6	1	1	4	5	12	8	1	1	1	3	5	6	1	1	1	1	1	1	5	3	5	8	5	8	1	1	4	2
	225	13	AUG	8	1	10	1	1	1	7	1	12	8	1	1	1	1	1	1	8	12	1	1	1	1	1	1	2	1	1	1	2	8	1	1	4	5	12	8	1	1	1	3	2	8	1	1	1	1	1	1	5	2	1	8	12	8	1	1	4	2
	226	14	AUG	11	1	10	1	1	1	11	1	12	8	1	1	1	1	1	1	11	6	1	1	1	1	1	1	2	1	1	1	2	8	1	1	4	5	12	8	1	1	1	3	2	8	1	1	1	1	1	1	5	2	1	2	12	2	1	1	5	1
	227	15	AUG	11	1	10	4	1	1	11	1	12	8	1	1	1	1	1	1	3	7	1	1	1	1	1	1	8	3	1	1	11	8	1	1	4	5	12	8	1	1	1	3	11	8	1	1	1	1	1	1	5	2	12	2	12	2	1	1	8	1
	228	16	AUG	8	4	10	4	1	1	11	1	12	8	1	1	1	1	1	1	3	7	1	1	1	1	1	1	8	4	1	1	11	6	1	1	4	5	12	8	1	1	1	3	11	9	1	1	1	1	1	1	12	2	4	2	4	2	1	1	8	4
	229	17	AUG	8	4	5	4	1	1	11	4	12	8	1	1	1	1	1	1	8	7	1	1	1	1	1	1	5	4	1	1	12	5	1	1	4	5	12	8	1	1	1	3	12	3	1	1	1	1	1	1	12	1	12	11	4	2	1	1	8	7
	230	18	AUG	8	4	10	4	1	1	12	9	12	8	1	1	1	1	1	1	8	7	1	1	1	1	1	1	1	4	1	1	1	8	1	1	4	5	12	8	1	1	1	3	1	8	1	1	1	1	1	1	8	1	12	1	4	1	1	1	6	10
	231	19	AUG	8	4	10	4	1	1	3	9	12	8	1	1	1	1	1	1	8	9	1	1	1	1	1	1	1	4	1	1	1	2	1	1	4	5	12	8	1	1	1	3	1	2	1	1	1	1	1	1	8	1	4	1	4	1	1	1	3	10
	232	20	AUG	5	11	10	4	1	1	5	4	12	8	1	1	1	1	1	1	5	11	1	1	1	1	1	1	1	11	1	1	3	4	1	1	4	5	12	8	1	1	1	3	3	4	1	1	1	1	1	1	3	1	4	1	4	1	1	1	2	10
	233	21	AUG	5	4	5	4	1	1	5	1	12	8	1	1	1	1	1	1	5	10	1	1	1	1	1	1	1	2	1	1	11	1	1	1	4	5	12	8	1	1	1	3	11	3	1	1	1	1	1	1	8	1	4	5	4	5	1	1	6	10
	234	22	AUG	8	2	5	2	1	1	7	3	12	8	1	1	1	1	1	1	2	12	1	1	1	1	1	1	5	2	1	1	7	8	1	1	4	5	12	8	1	1	1	3	7	8	1	1	1	1	1	1	8	1	9	6	2	5	1	1	8	9
	235	23	AUG	8	2	5	2	1	1	7	2	12	8	1	1	1	1	1	1	2	12	1	1	1	1	1	1	5	2	1	1	7	8	1	1	4	5	12	8	1	1	1	3	7	8	1	1	1	1	1	1	8	1	2	6	2	6	1	1	8	2
	236	24	AUG	8	2	5	2	1	1	7	2	12	8	1	1	1	1	1	1	8	12	1	1	1	1	1	1	1	2	1	1	7	8	1	1	4	5	12	8	1	1	1	3	7	8	1	1	1	1	1	1	8	6	2	6	2	6	1	1	8	2
	237	25	AUG	5	2	5	2	1	1	4	2	12	8	1	1	1	1	1	1	5	3	1	1	1	1	1	1	1	2	1	1	12	8	1	1	4	5	12	8	1	1	1	3	12	8	1	1	1	1	1	1	5	12	2	6	2	6	1	1	8	2
	238	26	AUG	5	2	10	2	1	1	5	2	12	8	1	1	1	1	1	1	5	2	1	1	1	1	1	1	1	2	1	1	4	2	1	1	4	5	12	8	1	1	1	3	4	2	1	1	1	1	1	1	8	12	2	12	2	12	1	1	8	12
	239	27	AUG	5	12	5	2	1	1	5	12	12	8	1	1	1	1	1	1	5	12	1	1	1	1	1	1	5	11	1	1	5	8	1	1	4	5	12	8	1	1	1	3	5	8	1	1	1	1	1	1	8	12	11	10	11	10	1	1	8	12
	240	28	AUG	5	12	5	6	1	1	5	12	12	8	1	1	1	1	1	1	5	10	1	1	1	1	1	1	5	11	1	1	7	6	1	1	4	5	12	8	1	1	1	3	7	8	1	1	1	1	1	1	5	12	11	3	11	3	1	1	5	12
	241	29	AUG	5	12	4	7	1	1	5	12	12	8	1	1	1	1	1	1	5	10	1	1	1	1	1	1	10	12	1	1	7	8	1	1	4	5	12	8	1	1	1	3	7	8	1	1	1	1	1	1	5	12	11	3	11	3	1	1	5	12
	242	30	AUG	5	12	4	7	1	1	3	10	12	8	1	1	1	1	1	1	3	10	1	1	1	1	1	1	4	11	1	1	12	10	1	1	4	5	12	8	1	1	1	3	12	8	1	1	1	1	1	1	5	2	11	3	11	3	1	1	5	11
	243	31	AUG	8	12	4	7	1	1	3	10	12	8	1	1	1	1	1	1	3	10	1	1	1	1	1	1	4	11	1	1	7	8	1	1	4	5	12	8	1	1	1	3	7	8	1	1	1	1	1	1	5	10	11	10	11	10	1	1	8	11
	244	01	SEP	9	12	4	12	1	1	4	12	12	5	1	1	1	1	1	1	3	10	1	1	1	1	1	1	4	12	1	1	4	8	1	1	4	5	12	5	1	1	1	3	11	8	1	1	1	1	1	1	5	10	11	10	11	10	1	1	3	12
	245	02	SEP	9	6	4	12	1	1	9	6	12	5	1	1	1	1	1	1	3	6	1	1	1	1	1	1	4	3	1	1	8	1	1	1	4	5	12	5	1	1	1	3	8	1	1	1	1	1	1	1	5	10	5	8	5	8	1	1	7	10
	246	03	SEP	8	12	10	5	1	1	7	6	12	5	1	1	1	1	1	1	3	10	1	1	1	1	1	1	8	12	1	1	4	6	1	1	4	5	12	5	1	1	1	3	4	6	1	1	1	1	1	1	5	10	12	10	11	10	1	1	7	12
	247	04	SEP	8	11	10	6	1	1	7	5	12	5	1	1	1	1	1	1	5	10	1	1	1	1	1	1	10	5	1	1	7	12	1	1	4	5	12	5	1	1	1	3	7	10	1	1	1	1	1	1	5	10	11	10	11	10	1	1	8	12
	248	05	SEP	8	5	10	7	1	1	8	5	12	5	1	1	1	1	1	1	5	10	1	1	1	1	1	1	10	5	1	1	7	10	1	1	4	5	12	5	1	1	1	3	7	10	1	1	1	1	1	1	5	10	5	8	5	8	1	1	8	5
	249	06	SEP	8	5	10	7	1	1	8	5	12	5	1	1	1	1	1	1	5	10	1	1	1	1	1	1	10	5	1	1	9	10	1	1	4	5	12	5	1	1	1	3	12	10	1	1	1	1	1	1	7	10	5	8	11	8	1	1	8	5
	250	07	SEP	8	5	10	7	1	1	9	5	12	5	1	1	1	1	1	1	8	1	1	1	1	1	1	1	10	5	1	1	9	8	1	1	4	5	12	5	1	1	1	3	1	8	1	1	1	1	1	1	7	10	11	10	11	10	1	1	8	5
	251	08	SEP	10	2	10	5	1	1	10	5	12	5	1	1	1	1	1	1	7	2	1	1	1	1	1	1	10	7	1	1	10	5	1	1	4	5	12	5	1	1	1	3	10	8	1	1	1	1	1	1	12	1	12	10	12	10	1	1	8	2
	252	09	SEP	10	2	10	5	1	1	11	5	12	5	1	1	1	1	1	1	4	2	1	1	1	1	1	1	9	12	1	1	11	8	1	1	4	5	12	5	1	1	1	3	11	8	1	1	1	1	1	1	12	1	12	10	12	10	1	1	8	2
	253	10	SEP	11	12	11	12	1	1	11	12	12	5	1	1	1	1	1	1	11	9	1	1	1	1	1	1	11	12	1	1	11	8	1	1	4	5	12	5	1	1	1	3	11	8	1	1	1	1	1	1	12	1	12	10	12	10	1	1	10	12
	254	11	SEP	11	7	11	7	1	1	11	5	12	5	1	1	1	1	1	1	8	2	1	1	1	1	1	1	11	7	1	1	11	8	1	1	4	5	12	5	1	1	1	3	11	8	1	1	1	1	1	1	12	2	12	10	7	10	1	1	10	12
	255	12	SEP	11	7	11	7	1	1	11	7	12	5	1	1	1	1	1	1	8	2	1	1	1	1	1	1	1	7	1	1	11	5	1	1	8	5	12	5	1	1	1	3	11	8	1	1	1	1	1	1	12	2	7	10	7	10	1	1	10	7
	256	13	SEP	10	7	11	7	1	1	10	7	12	5	1	1	1	1	1	1	7	1	1	1	1	1	1	1	1	7	1	1	11	5	1	1	8	5	12	5	1	1	1	3	11	9	1	1	1	1	1	1	12	1	7	10	7	10	1	1	10	7
	257	14	SEP	10	7	10	9	1	1	10	7	12	5	1	1	1	1	1	1	10	1	1	1	1	1	1	1	1	7	1	1	5	6	1	1	8	5	12	5	1	1	1	3	5	6	1	1	1	1	1	1	12	1	7	10	7	10	1	1	10	7
	258	15	SEP	10	7	3	7	1	1	10	8	12	5	1	1	1	1	1	1	12	9	1	1	1	1	1	1	10	12	1	1	4	8	1	1	8	5	12	5	1	1	1	3	4	8	1	1	1	1	1	1	12	1	12	10	12	10	1	1	10	7
	259	16	SEP	10	7	1	8	1	1	10	8	12	5	1	1	1	1	1	1	10	1	1	1	1	1	1	1	10	12	1	1	2	8	1	1	8	5	12	5	1	1	1	3	2	8	1	1	1	1	1	1	7	1	7	1	7	1	1	1	10	7
	260	17	SEP	4	9	4	12	1	1	4	9	12	5	1	1	1	1	1	1	10	1	1	1	1	1	1	1	4	12	1	1	4	8	1	1	8	5	12	5	1	1	1	3	4	8	1	1	1	1	1	1	10	1	9	1	9	4	1	1	10	9
	261	18	SEP	4	9	4	9	1	1	4	9	12	5	1	1	1	1	1	1	2	1	1	1	1	1	1	1	4	12	1	1	11	10	1	1	8	5	12	5	1	1	1	3	11	10	1	1	1	1	1	1	5	1	9	3	9	4	1	1	8	9
	262	19	SEP	8	11	3	7	1	1	1	11	12	5	1	1	1	1	1	1	2	3	1	1	1	1	1	1	3	2	1	1	3	8	1	1	8	5	12	5	1	1	1	2	3	8	1	1	1	1	1	1	5	3	7	3	7	3	1	1	8	11
	263	20	SEP	4	11	1	9	1	1	4	11	12	5	1	1	1	1	1	1	2	3	1	1	1	1	1	1	4	2	1	1	12	8	1	1	8	5	12	5	1	1	1	2	12	8	1	1	1	1	1	1	5	1	2	1	7	3	1	1	4	11
	264	21	SEP	4	7	4	7	1	1	4	7	12	5	1	1	1	1	1	1	2	3	1	1	1	1	1	1	4	7	1	1	7	6	1	1	8	5	12	5	1	1	1	2	7	3	1	1	1	1	1	1	10	1	7	4	7	4	1	1	4	7
	265	22	SEP	4	6	4	7	1	1	4	6	12	5	1	1	1	1	1	1	2	6	1	1	1	1	1	1	4	2	1	1	4	10	1	1	8	5	12	5	1	1	1	2	5	10	1	1	1	1	1	1	10	12	5	4	5	4	1	1	10	6
	266	23	SEP	10	9	3	12	1	1	10	9	12	5	1	1	1	1	1	1	10	6	1	1	1	1	1	1	3	7	1	1	10	8	1	1	8	5	12	5	1	1	1	2	11	8	1	1	1	1	1	1	5	12	9	2	9	2	1	1	10	9
	267	24	SEP	10	1	8	7	1	1	10	1	12	5	1	1	1	1	1	1	10	9	1	1	1	1	1	1	8	7	1	1	12	8	1	1	8	5	12	5	1	1	1	2	12	8	1	1	1	1	1	1	9	11	9	2	9	8	1	1	10	11
	268	25	SEP	8	1	8	7	1	1	10	5	12	5	1	1	1	1	1	1	2	9	1	1	1	1	1	1	8	3	1	1	2	5	1	1	8	5	12	5	1	1	1	2	12	5	1	1	1	1	1	1	9	12	9	8	9	8	1	1	10	3
	269	26	SEP	8	1	8	7	1	1	10	1	12	5	1	1	1	1	1	1	3	8	1	1	1	1	1	1	8	7	1	1	11	9	1	1	8	5	12	5	1	1	1	2	11	9	1	1	1	1	1	1	9	12	9	8	9	8	1	1	8	1
	270	27	SEP	8	12	8	7	1	1	8	1	12	5	1	1	1	1	1	1	3	5	1	1	1	1	1	1	8	2	1	1	7	8	1	1	8	5	12	5	1	1	1	2	7	8	1	1	1	1	1	1	9	8	9	8	9	8	1	1	8	1
	271	28	SEP	8	11	8	7	1	1	8	1	12	5	1	1	1	1	1	1	3	1	1	1	1	1	1	1	8	2	1	1	11	8	1	1	8	5	12	5	1	1	1	2	11	8	1	1	1	1	1	1	9	1	9	8	9	8	1	1	8	11
	272	29	SEP	5	7	5	7	1	1	5	7	12	5	1	1	1	1	1	1	2	1	1	1	1	1	1	1	5	3	1	1	5	10	1	1	8	5	12	5	1	1	1	2	5	10	1	1	1	1	1	1	9	1	9	5	9	8	1	1	5	2
	273	30	SEP	8	6	5	7	1	1	5	6	12	5	1	1	1	1	1	1	3	6	1	1	1	1	1	1	5	3	1	1	5	6	1	1	8	5	12	5	1	1	1	2	5	6	1	1	1	1	1	1	3	1	3	8	3	8	1	1	8	3
	274	01	OCT	8	7	5	7	1	1	5	6	2	6	1	1	1	1	1	1	3	10	1	1	1	1	1	1	5	3	1	1	5	6	1	1	8	5	2	6	1	1	1	2	5	6	1	1	1	1	1	1	3	10	3	10	3	10	1	1	8	7
	275	02	OCT	5	7	10	7	1	1	5	6	2	6	1	1	1	1	1	1	2	10	1	1	1	1	1	1	10	2	1	1	9	3	1	1	8	5	2	6	1	1	1	2	12	3	1	1	1	1	1	1	3	10	2	10	2	10	1	1	5	7
	276	03	OCT	5	7	3	9	1	1	5	6	2	6	1	1	1	1	1	1	2	10	1	1	1	1	1	1	10	2	1	1	12	8	1	1	8	5	2	6	1	1	1	2	12	8	1	1	1	1	1	1	2	10	2	10	2	10	1	1	9	7
	277	04	OCT	8	7	8	7	1	1	8	7	2	6	1	1	1	1	1	1	2	10	1	1	1	1	1	1	10	2	1	1	7	8	1	1	8	5	2	6	1	1	1	2	7	8	1	1	1	1	1	1	2	10	2	10	2	10	1	1	8	7
	278	05	OCT	8	7	1	7	1	1	3	4	2	6	1	1	1	1	1	1	2	10	1	1	1	1	1	1	8	2	1	1	11	6	1	1	8	5	2	6	1	1	1	2	11	8	1	1	1	1	1	1	3	10	12	10	12	10	1	1	8	7
	279	06	OCT	8	4	3	7	1	1	8	4	2	6	1	1	1	1	1	1	5	1	1	1	1	1	1	1	9	4	1	1	12	10	1	1	8	5	2	6	1	1	1	2	12	10	1	1	1	1	1	1	2	11	5	9	2	9	1	1	8	7
	280	07	OCT	8	4	8	7	1	1	8	4	2	6	1	1	1	1	1	1	5	1	1	1	1	1	1	1	8	5	1	1	3	4	1	1	8	5	2	6	1	1	1	2	12	4	1	1	1	1	1	1	5	4	7	9	7	9	1	1	8	7
	281	08	OCT	8	4	8	7	1	1	12	4	2	6	1	1	1	1	1	1	5	1	1	1	1	1	1	1	8	5	1	1	12	4	1	1	8	5	2	6	1	1	1	2	12	4	1	1	1	1	1	1	5	6	5	8	4	8	1	1	8	7
	282	09	OCT	8	4	8	9	1	1	8	4	2	6	1	1	1	1	1	1	5	3	1	1	1	1	1	1	8	4	1	1	7	10	1	1	8	5	2	6	1	1	1	2	7	10	1	1	1	1	1	1	5	10	4	8	4	8	1	1	8	4
	283	10	OCT	8	4	8	9	1	1	8	4	2	6	1	1	1	1	1	1	5	3	1	1	1	1	1	1	8	5	1	1	6	2	1	1	8	5	2	6	1	1	1	2	6	2	1	1	1	1	1	1	5	10	4	8	4	8	1	1	8	4
	284	11	OCT	8	2	8	4	1	1	8	4	2	6	1	1	1	1	1	1	5	1	1	1	1	1	1	1	8	5	1	1	11	1	1	1	8	5	2	6	1	1	1	2	11	3	1	1	1	1	1	1	2	6	2	8	2	8	1	1	8	10
	285	12	OCT	8	2	8	9	1	1	8	10	2	6	1	1	1	1	1	1	5	3	1	1	1	1	1	1	8	2	1	1	11	10	1	1	8	5	2	6	1	1	1	2	11	10	1	1	1	1	1	1	8	3	2	8	2	8	1	1	8	10
	286	13	OCT	8	2	8	9	1	1	8	10	2	6	1	1	1	1	1	1	8	6	1	1	1	1	1	1	8	2	1	1	7	10	1	1	8	5	2	6	1	1	1	2	7	10	1	1	1	1	1	1	2	6	2	8	2	8	1	1	8	10
	287	14	OCT	8	10	8	7	1	1	8	10	2	6	1	1	1	1	1	1	8	9	1	1	1	1	1	1	8	10	1	1	11	5	1	1	8	5	2	6	1	1	1	2	11	5	1	1	1	1	1	1	8	3	2	8	2	8	1	1	8	2
	288	15	OCT	6	10	6	9	1	1	8	10	2	8	1	1	1	1	1	1	6	3	1	1	1	1	1	1	6	5	1	1	6	5	1	1	6	5	6	8	1	1	6	2	6	4	1	1	1	1	1	1	2	3	6	8	6	8	1	1	6	10
	289	16	OCT	6	2	6	9	1	1	8	5	2	8	1	1	1	1	1	1	6	7	1	1	1	1	1	1	6	2	1	1	6	10	1	1	6	5	6	8	1	1	6	2	6	10	1	1	1	1	1	1	8	3	6	9	6	9	1	1	6	10
	290	17	OCT	6	11	6	9	1	1	12	10	2	8	1	1	1	1	1	1	6	7	1	1	1	1	1	1	6	10	1	1	6	2	1	1	6	5	6	8	1	1	6	2	6	2	1	1	1	1	1	1	8	3	6	9	6	9	1	1	6	2
	291	18	OCT	6	2	6	2	1	1	12	10	2	8	1	1	1	1	1	1	6	9	1	1	1	1	1	1	6	2	1	1	6	8	1	1	6	5	6	8	1	1	6	2	6	8	1	1	1	1	1	1	8	11	6	9	6	9	1	1	6	11
	292	19	OCT	6	3	6	7	1	1	8	3	2	8	1	1	1	1	1	1	6	9	1	1	1	1	1	1	6	3	1	1	6	1	1	1	6	7	6	8	1	1	6	2	6	1	1	1	1	1	1	1	6	11	6	9	6	9	1	1	6	3
	293	20	OCT	6	3	6	7	1	1	8	3	2	8	1	1	1	1	1	1	6	11	1	1	1	1	1	1	6	3	1	1	6	10	1	1	6	7	6	8	1	1	6	2	6	10	1	1	1	1	1	1	8	11	6	9	6	9	1	1	6	11
	294	21	OCT	6	3	6	7	1	1	8	3	2	8	1	1	1	1	1	1	6	7	1	1	1	1	1	1	6	3	1	1	6	10	1	1	6	7	6	8	1	1	6	2	6	10	1	1	1	1	1	1	5	7	6	9	6	9	1	1	6	3
	295	22	OCT	6	3	6	7	1	1	8	1	2	8	1	1	1	1	1	1	6	7	1	1	1	1	1	1	6	3	1	1	6	10	1	1	6	7	6	8	1	1	6	2	6	10	1	1	1	1	1	1	5	7	6	9	6	9	1	1	6	3
	296	23	OCT	6	2	6	7	1	1	8	3	2	8	1	1	1	1	1	1	6	7	1	1	1	1	1	1	6	2	1	1	6	3	1	1	6	7	6	8	1	1	6	2	6	3	1	1	1	1	1	1	5	4	6	9	6	8	1	1	6	3
	297	24	OCT	6	11	6	2	1	1	8	2	2	8	1	1	1	1	1	1	6	7	1	1	1	1	1	1	6	3	1	1	6	2	1	1	6	7	6	8	1	1	6	2	6	2	1	1	1	1	1	1	5	9	6	9	6	8	1	1	6	7
	298	25	OCT	6	2	6	2	1	1	8	2	2	8	1	1	1	1	1	1	6	7	1	1	1	1	1	1	6	2	1	1	6	5	1	1	6	7	6	8	1	1	6	2	6	8	1	1	1	1	1	1	3	4	6	4	6	8	1	1	6	2
	299	26	OCT	6	3	6	9	1	1	8	9	2	8	1	1	1	1	1	1	6	12	1	1	1	1	1	1	6	3	1	1	6	9	1	1	6	7	6	8	1	1	6	2	6	9	1	1	1	1	1	1	5	12	6	12	6	8	1	1	6	9
	300	27	OCT	6	11	6	9	1	1	8	7	2	8	1	1	1	1	1	1	6	7	1	1	1	1	1	1	6	11	1	1	6	8	1	1	6	7	6	8	1	1	6	2	6	8	1	1	1	1	1	1	5	12	6	8	6	8	1	1	6	7
	301	28	OCT	6	11	6	9	1	1	12	7	2	8	1	1	1	1	1	1	6	7	1	1	1	1	1	1	6	11	1	1	6	1	1	1	6	7	6	8	1	1	6	2	6	10	1	1	1	1	1	1	11	6	6	12	6	12	1	1	6	2
	302	29	OCT	12	11	12	9	1	1	12	7	2	6	1	1	1	1	1	1	9	6	1	1	1	1	1	1	12	11	1	1	11	10	1	1	8	6	2	6	1	1	1	2	11	10	1	1	1	1	1	1	11	6	11	12	11	12	1	1	12	7
	303	30	OCT	8	11	3	9	1	1	12	9	2	6	1	1	1	1	1	1	9	6	1	1	1	1	1	1	8	11	1	1	4	5	1	1	8	6	2	6	1	1	1	2	4	8	1	1	1	1	1	1	11	6	11	6	11	6	1	1	12	7
	304	31	OCT	5	11	3	11	1	1	1	10	2	6	1	1	1	1	1	1	9	6	1	1	1	1	1	11	5	11	1	1	6	11	1	1	8	6	2	6	1	1	1	2	6	10	1	1	1	1	1	1	11	6	11	6	11	6	1	1	8	10
	305	01	NOV	8	11	3	11	1	1	8	11	2	8	1	1	1	1	1	1	2	7	1	1	1	1	1	11	8	11	1	1	12	10	1	1	8	6	2	8	1	1	1	2	12	10	1	1	1	1	1	1	11	6	11	6	11	6	1	1	8	7
	306	02	NOV	8	11	3	9	1	1	4	11	2	8	1	1	1	1	1	1	9	5	1	1	1	1	1	1	8	11	1	1	11	8	1	1	8	6	2	8	1	1	5	2	11	8	1	1	1	1	1	1	11	7	11	6	11	6	1	1	8	7
	307	03	NOV	8	11	8	9	1	1	8	9	2	8	1	1	1	1	1	1	9	3	1	1	1	1	1	1	8	11	1	1	11	9	1	1	8	6	2	8	1	1	5	2	11	9	1	1	1	1	1	1	11	7	11	8	11	8	1	1	8	7
	308	04	NOV	8	9	8	9	1	1	8	9	2	8	1	1	1	1	1	1	9	3	1	1	1	1	1	1	8	9	1	1	11	2	1	1	8	6	2	8	1	1	5	2	11	2	1	1	1	1	1	1	11	7	9	3	11	8	1	1	8	7
	309	05	NOV	8	9	3	9	1	1	3	9	2	8	1	1	1	1	1	1	9	3	1	1	1	1	1	1	5	9	1	1	6	10	1	1	8	6	2	8	1	1	5	2	6	10	1	1	1	1	1	1	11	7	9	3	9	3	1	1	8	7
	310	06	NOV	8	9	3	9	1	1	5	9	2	8	1	1	1	1	1	1	1	5	1	1	1	1	1	1	8	9	1	1	1	8	1	1	8	6	2	8	1	1	1	2	1	8	1	1	1	1	1	1	1	7	9	7	9	7	1	1	5	7
	311	07	NOV	1	9	3	9	1	1	1	9	2	8	1	1	1	1	1	1	12	7	1	1	1	1	1	1	4	9	1	1	1	8	1	1	8	6	2	8	1	1	1	2	1	8	1	1	1	1	1	1	5	7	9	4	9	3	1	1	5	7
	312	08	NOV	4	11	3	9	1	1	4	9	2	8	1	1	1	1	1	1	6	3	1	1	1	1	1	1	4	11	1	1	8	9	1	1	8	6	2	8	1	1	1	2	7	9	1	1	1	1	1	1	6	7	9	4	9	3	1	1	6	7
	313	09	NOV	1	9	3	9	1	1	4	9	2	8	1	1	1	1	1	1	6	3	1	1	1	1	1	1	1	9	1	1	12	5	1	1	8	6	2	8	1	1	5	2	12	10	1	1	1	1	1	1	4	7	9	8	9	8	1	1	8	2
	314	10	NOV	4	9	3	9	1	1	4	9	2	8	1	1	1	1	1	1	6	3	1	1	1	1	1	1	4	6	1	1	9	6	1	1	8	6	2	8	1	1	5	2	9	6	1	1	1	1	1	1	6	2	6	2	9	2	1	1	8	2
	315	11	NOV	8	9	3	9	1	1	4	9	2	8	1	1	1	1	1	1	6	3	1	1	1	1	1	1	3	9	1	1	4	8	1	1	8	6	2	8	1	1	1	2	4	8	1	1	1	1	1	1	4	2	5	7	5	7	1	1	8	2
	316	12	NOV	6	1	3	9	1	1	6	9	2	8	1	1	1	1	1	1	1	3	1	1	1	1	1	1	4	1	1	1	2	10	1	1	8	6	2	8	1	1	1	2	1	10	1	1	1	1	1	1	1	7	1	10	1	7	1	1	8	9
	317	13	NOV	5	9	3	9	1	1	4	9	2	8	1	1	1	1	1	1	1	3	1	1	1	1	1	1	5	1	1	1	3	8	1	1	8	6	2	8	1	1	1	2	3	8	1	1	1	1	1	1	1	7	1	7	1	8	1	1	10	9
	318	14	NOV	5	11	8	1	1	1	5	9	2	8	1	1	1	1	1	1	1	9	1	1	1	1	2	1	5	1	1	1	7	1	1	1	8	6	2	8	1	1	5	2	7	3	1	1	1	1	1	1	3	9	1	5	1	8	1	1	3	9
	319	15	NOV	5	11	12	4	1	1	5	11	2	8	1	1	1	1	1	1	2	9	1	1	1	1	1	1	5	1	1	1	12	9	1	1	8	6	2	8	1	1	5	2	7	9	1	1	1	1	1	1	3	9	11	5	11	8	1	1	3	9
	320	16	NOV	10	11	3	9	1	1	7	9	2	8	1	1	1	1	1	1	2	3	1	1	1	1	1	1	10	11	1	1	7	8	1	1	8	6	2	8	1	1	5	2	7	8	1	1	1	1	1	1	2	8	11	10	11	8	1	1	6	9
	321	17	NOV	10	9	3	9	1	1	7	9	2	8	1	1	1	1	1	1	2	8	1	1	1	1	1	1	10	9	1	1	11	8	1	1	8	6	2	8	1	1	5	2	11	8	1	1	1	1	1	1	2	5	2	5	11	5	1	1	6	9
	322	18	NOV	6	9	3	9	1	1	6	9	2	8	1	1	1	1	1	1	2	8	1	1	1	1	1	1	6	2	1	1	4	1	1	1	8	6	2	8	1	1	5	2	4	1	1	1	1	1	1	1	2	5	2	6	2	5	1	1	6	9
	323	19	NOV	6	9	8	2	1	1	6	9	2	8	1	1	1	1	1	1	2	4	1	1	1	1	1	1	8	2	1	1	9	8	1	1	8	6	2	8	1	1	5	2	9	8	1	1	1	1	1	1	2	5	2	8	2	6	1	1	6	9
	324	20	NOV	6	9	8	2	1	1	6	9	2	8	1	1	1	1	1	1	2	4	1	1	1	1	1	1	6	9	1	1	11	3	1	1	8	6	2	8	1	1	5	1	11	3	1	1	1	1	1	1	2	6	2	6	2	8	1	1	8	10
	325	21	NOV	8	9	8	9	1	1	6	9	2	8	1	1	1	1	1	1	2	8	1	1	1	1	1	9	8	9	1	1	11	9	1	1	8	6	2	8	1	1	5	1	11	9	1	1	1	1	1	1	2	8	2	8	2	8	1	1	2	5
	326	22	NOV	6	9	8	7	1	1	6	9	2	8	1	1	1	1	1	1	2	8	1	1	1	1	1	7	1	9	1	1	6	9	1	1	8	6	2	8	1	1	5	1	6	9	1	1	1	1	1	1	2	5	3	1	2	8	1	1	3	5
	327	23	NOV	6	9	8	9	1	1	6	9	2	8	1	1	1	1	1	1	9	12	1	1	1	1	1	9	6	9	1	1	4	6	1	1	8	6	2	8	1	1	5	1	4	9	1	1	1	1	1	1	2	1	2	6	2	8	1	1	2	12
	328	24	NOV	8	9	3	9	1	1	5	12	2	8	1	1	1	1	1	1	9	1	1	1	1	1	1	1	5	9	1	1	2	8	1	1	8	6	2	8	1	1	5	1	2	8	1	1	1	1	1	1	2	1	9	1	11	8	1	1	2	1
	329	25	NOV	8	9	3	9	1	1	2	12	2	8	1	1	1	1	1	1	9	5	1	1	1	1	1	1	5	9	1	1	3	5	1	1	8	6	2	8	1	1	5	1	3	8	1	1	1	1	1	1	2	1	9	8	9	8	1	1	9	1
	330	26	NOV	8	11	3	9	1	1	2	1	2	8	1	1	1	1	1	1	9	6	1	1	1	1	1	1	8	11	1	1	11	10	1	1	8	6	2	8	1	1	5	1	11	10	1	1	1	1	1	1	9	6	11	8	11	8	1	1	3	6
	331	27	NOV	8	12	8	9	1	1	3	1	2	8	1	1	1	1	1	1	9	6	1	1	1	1	1	1	8	11	1	1	3	1	1	1	8	6	2	8	1	1	5	1	7	1	1	1	1	1	1	1	9	6	12	8	9	8	1	1	3	1
	332	28	NOV	6	11	11	9	1	1	7	4	2	8	1	1	1	1	1	1	9	6	1	1	1	1	1	1	6	11	1	1	7	4	1	1	8	6	2	8	1	1	5	1	7	4	1	1	1	1	1	1	9	6	7	6	3	8	1	1	9	6
	333	29	NOV	10	11	1	5	1	1	10	1	2	8	1	1	1	1	1	1	9	2	1	1	1	1	1	5	10	11	1	1	6	5	1	1	8	6	2	8	1	1	5	1	6	8	1	1	1	1	1	1	5	6	5	6	3	8	1	1	5	2
	334	30	NOV	10	11	8	5	1	1	10	6	2	8	1	1	1	1	1	1	3	2	1	1	1	1	1	5	10	11	1	1	4	1	1	1	8	6	2	8	1	1	5	1	4	1	1	1	1	1	1	1	5	6	5	8	3	8	1	1	5	2
	335	01	DEC	10	12	11	9	1	1	10	6	7	8	1	1	1	1	1	1	3	6	1	1	1	1	1	1	10	12	1	1	7	8	1	1	8	6	7	8	1	1	5	1	7	8	1	1	1	1	1	1	5	6	3	8	3	8	1	1	10	2
	336	02	DEC	10	12	11	9	1	1	10	3	7	8	1	1	1	1	1	1	3	6	1	1	1	1	1	1	10	3	1	1	4	8	1	1	8	6	7	8	1	1	5	1	4	8	1	1	1	1	1	1	5	7	3	8	3	7	1	1	10	2
	337	03	DEC	6	3	6	3	1	1	10	3	7	8	1	1	1	1	1	1	6	8	1	1	1	1	1	3	6	3	1	1	6	8	1	1	6	7	6	8	1	1	6	1	6	8	1	1	1	1	1	1	3	7	6	8	6	10	1	1	6	2
	338	04	DEC	6	3	6	3	1	1	10	3	7	8	1	1	1	1	1	1	6	7	1	1	1	1	1	3	6	3	1	1	6	8	1	1	6	7	6	8	1	1	6	1	6	8	1	1	1	1	1	1	3	7	6	10	6	10	1	1	6	7
	339	05	DEC	6	3	6	3	1	1	10	6	7	8	1	1	1	1	1	1	6	4	1	1	1	1	1	3	6	3	1	1	6	5	1	1	6	7	6	8	1	1	6	1	6	9	1	1	1	1	1	1	3	7	6	8	6	10	1	1	6	7
	340	06	DEC	6	3	6	3	1	1	10	6	7	8	1	1	1	1	1	1	6	7	1	1	1	1	1	3	6	2	1	1	6	2	1	1	6	7	6	8	1	1	6	1	6	2	1	1	1	1	1	1	3	7	6	7	6	10	1	1	6	7
	341	07	DEC	6	3	6	3	1	1	10	6	7	8	1	1	1	1	1	1	6	4	1	1	1	1	1	3	6	3	1	1	6	8	1	1	6	7	6	8	1	1	6	1	6	8	1	1	1	1	1	1	3	7	6	1	6	10	1	1	6	7
	342	08	DEC	6	3	6	3	1	1	10	3	7	8	1	1	1	1	1	1	6	4	1	1	1	1	1	3	6	3	1	1	6	8	1	1	6	7	6	8	1	1	6	1	6	8	1	1	1	1	1	1	10	12	6	12	6	12	1	1	6	12
	343	09	DEC	6	3	6	3	1	1	1	3	7	8	1	1	1	1	1	1	6	4	1	1	1	1	1	3	6	3	1	1	6	10	1	1	6	7	6	8	1	1	6	1	6	10	1	1	1	1	1	1	3	12	6	5	6	5	1	1	6	12
	344	10	DEC	1	7	3	7	1	1	1	8	7	8	1	1	1	1	1	1	9	4	1	1	1	1	1	7	4	9	1	1	11	5	1	1	8	6	7	8	1	1	5	1	11	8	1	1	1	1	1	1	11	12	9	2	3	2	1	1	11	12
	345	11	DEC	6	7	1	7	1	1	6	7	7	8	1	1	1	1	1	1	10	1	1	1	1	1	1	7	1	12	1	1	11	8	1	1	8	6	7	8	1	1	5	1	11	8	1	1	1	1	1	1	8	5	7	6	7	6	1	1	9	7
	346	12	DEC	1	12	1	7	1	1	6	12	7	8	1	1	1	1	1	1	3	1	1	1	1	1	1	7	1	3	1	1	4	3	1	1	8	6	7	8	1	1	5	1	4	3	1	1	1	1	1	1	9	5	7	2	7	2	1	1	9	12
	347	13	DEC	4	12	8	7	1	1	2	12	7	8	1	1	1	1	1	1	3	4	1	1	1	1	1	12	4	3	1	1	2	9	1	1	8	6	7	8	1	1	5	1	2	9	1	1	1	1	1	1	11	2	12	2	7	2	1	1	10	12
	348	14	DEC	2	12	8	7	1	1	2	12	7	8	1	1	1	1	1	1	9	1	1	1	1	1	1	12	2	12	1	1	3	10	1	1	8	6	7	8	1	1	5	1	3	10	1	1	1	1	1	1	11	2	7	2	7	2	1	1	9	12
	349	15	DEC	8	12	3	12	1	1	8	12	7	8	1	1	1	1	1	1	12	1	1	1	1	1	1	12	6	12	1	1	3	5	1	1	8	6	7	8	1	1	5	1	3	4	1	1	1	1	1	1	7	2	12	6	12	2	1	1	8	6
	350	16	DEC	8	12	3	12	1	1	8	12	7	8	1	1	1	1	1	1	12	6	1	1	1	1	1	7	8	12	1	1	11	8	1	1	8	6	7	8	1	1	5	1	11	8	1	1	1	1	1	1	7	6	7	6	7	6	1	1	7	6
	351	17	DEC	5	12	3	7	1	1	5	4	7	8	1	1	1	1	1	1	10	6	1	1	1	1	1	12	5	12	1	1	3	8	1	1	8	6	7	8	1	1	5	1	3	8	1	1	1	1	1	1	9	6	7	5	12	5	1	1	9	6
	352	18	DEC	5	12	8	12	1	1	5	12	7	8	1	1	1	1	1	1	3	1	1	1	1	1	1	12	5	12	1	1	7	8	1	1	8	6	7	8	1	1	5	1	7	8	1	1	1	1	1	1	3	2	12	5	12	5	1	1	3	6
	353	19	DEC	5	12	5	12	1	1	5	12	7	8	1	1	1	1	1	1	12	1	1	1	1	1	1	12	5	11	1	1	7	10	1	1	8	6	7	8	1	1	5	1	7	10	1	1	1	1	1	1	9	2	12	5	12	5	1	1	9	12
	354	20	DEC	5	12	5	12	1	1	5	12	7	8	1	1	1	1	1	1	12	5	1	1	1	1	1	12	5	3	1	1	11	10	1	1	8	6	7	8	1	1	5	1	11	10	1	1	1	1	1	1	9	5	12	5	12	5	1	1	9	12
	355	21	DEC	5	12	1	7	1	1	1	10	7	8	1	1	1	1	1	1	3	5	1	1	1	1	1	12	5	3	1	1	2	10	1	1	8	6	7	8	1	1	5	1	2	10	1	1	1	1	1	1	7	2	12	5	12	5	1	1	10	2
	356	22	DEC	5	3	11	7	1	1	5	3	7	8	1	1	1	1	1	1	7	5	1	1	1	1	1	7	5	7	1	1	12	8	1	1	8	6	7	8	1	1	5	1	12	8	1	1	1	1	1	1	7	2	7	5	7	5	1	1	7	5
	357	23	DEC	5	3	11	7	1	1	5	3	7	8	1	1	1	1	1	1	7	5	1	1	1	1	1	7	5	3	1	1	12	8	1	1	8	6	7	8	1	1	5	1	12	8	1	1	1	1	1	1	7	2	7	5	7	5	1	1	7	5
	358	24	DEC	4	3	8	7	1	1	4	3	7	8	1	1	1	1	1	1	10	1	1	1	1	1	1	3	4	3	1	1	11	8	1	1	8	6	7	8	1	1	5	1	11	8	1	1	1	1	1	1	10	2	3	4	3	4	1	1	10	2
	359	25	DEC	5	11	5	3	1	1	5	3	7	8	1	1	1	1	1	1	10	1	1	1	1	1	1	11	5	11	1	1	11	3	1	1	8	6	7	8	1	1	5	1	11	3	1	1	1	1	1	1	9	4	3	5	3	5	1	1	9	2
	360	26	DEC	5	3	5	3	1	1	5	3	7	8	1	1	1	1	1	1	7	4	1	1	1	1	1	3	5	11	1	1	4	3	1	1	8	6	7	8	1	1	5	1	5	3	1	1	1	1	1	1	3	4	3	4	3	4	1	1	10	11
	361	27	DEC	8	11	5	3	1	1	2	3	7	8	1	1	1	1	1	1	9	2	1	1	1	1	1	11	8	12	1	1	2	9	1	1	8	6	7	8	1	1	5	1	2	9	1	1	1	1	1	1	8	2	11	2	11	2	1	1	9	11
	362	28	DEC	2	11	1	11	1	1	2	11	7	8	1	1	1	1	1	1	9	2	1	1	1	1	1	11	2	7	1	1	3	10	1	1	8	6	7	8	1	1	5	1	3	10	1	1	1	1	1	1	11	2	11	2	11	2	1	1	9	11
	363	29	DEC	2	11	3	11	1	1	2	11	7	8	1	1	1	1	1	1	9	2	1	1	1	1	1	11	2	7	1	1	3	10	1	1	8	6	7	8	1	1	5	1	3	10	1	1	1	1	1	1	11	2	11	2	11	2	1	1	2	11
	364	30	DEC	5	11	3	11	1	1	2	10	7	8	1	1	1	1	1	1	9	2	1	1	1	1	1	11	8	9	1	1	3	8	1	1	8	6	7	8	1	1	5	1	3	8	1	1	1	1	1	1	11	1	11	5	11	1	1	1	5	10
