14336
14336
14336
14336
14336
14336
14336
14336
14336
14336
14336
14336
14336
14336
14336
14336
14336
14336
14336
14336
14336
14336
14335
14335
14335
14335
14335
14335
14335
14335
14335
13582
13582
13582
13582
13582
13582
13582
13582
13582
13582
13582
13582
13581
13581
13581
13581
13581
13581
13581
13581
13581
13581
13581
13581
13581
13581
13581
13581
14689
14689
14689
14689
14689
14689
14689
14689
14689
14689
14689
14689
14689
14689
14689
14689
14689
14689
14689
14689
14689
14689
14689
14688
14688
14688
14688
14688
14688
14688
14688
18395
18395
18395
18395
18395
18395
18395
18395
18395
18395
18395
18395
18395
18395
18395
18395
18395
18394
18394
18394
18394
18394
18394
18394
18394
18394
18394
18394
18394
18394
14856
14856
14856
14856
14856
14856
14856
14856
14856
14855
14855
14855
14855
14855
14855
14855
14855
14855
14855
14855
14855
14855
14855
14855
14855
14855
14855
14855
14855
14855
14855
12136
12136
12136
12136
12135
12135
12135
12135
12135
12135
12135
12135
12135
12135
12135
12135
12135
12135
12135
12135
12135
12135
12135
12135
12135
12135
12135
12135
12135
12135
9548
9548
9548
9548
9548
9548
9548
9548
9548
9548
9548
9548
9548
9548
9548
9548
9548
9548
9548
9548
9547
9547
9547
9547
9547
9547
9547
9547
9547
9547
9547
9205
9205
9205
9205
9205
9205
9205
9205
9205
9205
9205
9205
9205
9205
9205
9205
9205
9205
9205
9205
9205
9205
9204
9204
9204
9204
9204
9204
9204
9204
9204
7895
7895
7895
7895
7895
7895
7895
7895
7895
7895
7895
7895
7895
7895
7895
7895
7895
7895
7895
7895
7895
7895
7895
7894
7894
7894
7894
7894
7894
7894
10169
10169
10169
10169
10169
10169
10169
10169
10169
10169
10169
10169
10169
10169
10169
10169
10169
10169
10169
10169
10169
10169
10169
10169
10169
10169
10169
10169
10169
10168
10168
14257
14257
14257
14256
14256
14256
14256
14256
14256
14256
14256
14256
14256
14256
14256
14256
14256
14256
14256
14256
14256
14256
14256
14256
14256
14256
14256
14256
14256
14256
16320
16320
16320
16320
16320
16320
16320
16320
16320
16320
16320
16320
16320
16320
16320
16320
16320
16320
16320
16320
16320
16320
16320
16320
16320
16320
16320
16320
16320
16320
16320
